                     * c:\users\hp\esim-workspace\cm\cm.cir
                     Transient Analysis  Fri Nov 08 22:46:08  2024
--------------------------------------------------------------------------------
Index   time            m.x1.xm1.msky13 m.x1.xm1.msky13 m.x1.xm1.msky13 
--------------------------------------------------------------------------------
0	0.000000e+00	1.341350e+00	1.341350e+00	1.341350e+00	
1	3.000000e-06	1.341350e+00	1.341350e+00	1.341350e+00	
2	6.000000e-06	1.341350e+00	1.341350e+00	1.341350e+00	
3	1.200000e-05	1.341350e+00	1.341350e+00	1.341350e+00	
4	2.400000e-05	1.341350e+00	1.341350e+00	1.341350e+00	
5	4.800000e-05	1.341350e+00	1.341350e+00	1.341350e+00	
6	9.600000e-05	1.341350e+00	1.341350e+00	1.341350e+00	
7	1.920000e-04	1.341350e+00	1.341350e+00	1.341350e+00	
8	3.840000e-04	1.341350e+00	1.341350e+00	1.341350e+00	
9	7.680000e-04	1.341350e+00	1.341350e+00	1.341350e+00	
10	1.368000e-03	1.341349e+00	1.341349e+00	1.341349e+00	
11	1.968000e-03	1.341350e+00	1.341350e+00	1.341350e+00	
12	2.568000e-03	1.341350e+00	1.341350e+00	1.341350e+00	
13	3.168000e-03	1.341350e+00	1.341350e+00	1.341350e+00	
14	3.768000e-03	1.341349e+00	1.341349e+00	1.341349e+00	
15	4.368000e-03	1.341350e+00	1.341350e+00	1.341350e+00	
16	4.968000e-03	1.341350e+00	1.341350e+00	1.341350e+00	
17	5.568000e-03	1.341349e+00	1.341349e+00	1.341349e+00	
18	6.168000e-03	1.341349e+00	1.341349e+00	1.341349e+00	
19	6.768000e-03	1.341350e+00	1.341350e+00	1.341350e+00	
20	7.368000e-03	1.341350e+00	1.341350e+00	1.341350e+00	
21	7.968000e-03	1.341349e+00	1.341349e+00	1.341349e+00	
22	8.568000e-03	1.341349e+00	1.341349e+00	1.341349e+00	
23	9.168000e-03	1.341349e+00	1.341349e+00	1.341349e+00	
24	9.768000e-03	1.341349e+00	1.341349e+00	1.341349e+00	
25	1.036800e-02	1.341350e+00	1.341350e+00	1.341350e+00	
26	1.096800e-02	1.341350e+00	1.341350e+00	1.341350e+00	
27	1.156800e-02	1.341350e+00	1.341350e+00	1.341350e+00	
28	1.216800e-02	1.341350e+00	1.341350e+00	1.341350e+00	
29	1.276800e-02	1.341350e+00	1.341350e+00	1.341350e+00	
30	1.336800e-02	1.341350e+00	1.341350e+00	1.341350e+00	
31	1.396800e-02	1.341350e+00	1.341350e+00	1.341350e+00	
32	1.456800e-02	1.341350e+00	1.341350e+00	1.341350e+00	
33	1.516800e-02	1.341349e+00	1.341349e+00	1.341349e+00	
34	1.576800e-02	1.341349e+00	1.341349e+00	1.341349e+00	
35	1.636800e-02	1.341349e+00	1.341349e+00	1.341349e+00	
36	1.696800e-02	1.341350e+00	1.341350e+00	1.341350e+00	
37	1.756800e-02	1.341350e+00	1.341350e+00	1.341350e+00	
38	1.816800e-02	1.341350e+00	1.341350e+00	1.341350e+00	
39	1.876800e-02	1.341350e+00	1.341350e+00	1.341350e+00	
40	1.936800e-02	1.341350e+00	1.341350e+00	1.341350e+00	
41	1.996800e-02	1.341350e+00	1.341350e+00	1.341350e+00	
42	2.056800e-02	1.341350e+00	1.341350e+00	1.341350e+00	
43	2.116800e-02	1.341350e+00	1.341350e+00	1.341350e+00	
44	2.176800e-02	1.341350e+00	1.341350e+00	1.341350e+00	
45	2.236800e-02	1.341349e+00	1.341349e+00	1.341349e+00	
46	2.296800e-02	1.341349e+00	1.341349e+00	1.341349e+00	
47	2.356800e-02	1.341350e+00	1.341350e+00	1.341350e+00	
48	2.416800e-02	1.341350e+00	1.341350e+00	1.341350e+00	
49	2.476800e-02	1.341350e+00	1.341350e+00	1.341350e+00	
50	2.536800e-02	1.341350e+00	1.341350e+00	1.341350e+00	
51	2.596800e-02	1.341350e+00	1.341350e+00	1.341350e+00	
52	2.656800e-02	1.341350e+00	1.341350e+00	1.341350e+00	
53	2.716800e-02	1.341350e+00	1.341350e+00	1.341350e+00	
54	2.776800e-02	1.341350e+00	1.341350e+00	1.341350e+00	

Index   time            m.x1.xm1.msky13 m.x1.xm1.msky13 m.x1.xm1.msky13 
--------------------------------------------------------------------------------
55	2.836800e-02	1.341350e+00	1.341350e+00	1.341350e+00	
56	2.896800e-02	1.341350e+00	1.341350e+00	1.341350e+00	
57	2.956800e-02	1.341349e+00	1.341349e+00	1.341349e+00	
58	3.000000e-02	1.341349e+00	1.341349e+00	1.341349e+00	

                     * c:\users\hp\esim-workspace\cm\cm.cir
                     Transient Analysis  Fri Nov 08 22:46:08  2024
--------------------------------------------------------------------------------
Index   time            m.x1.xm2.msky13 m.x1.xm2.msky13 m.x1.xm2.msky13 
--------------------------------------------------------------------------------
0	0.000000e+00	1.341350e+00	1.341350e+00	1.341350e+00	
1	3.000000e-06	1.341350e+00	1.341350e+00	1.341350e+00	
2	6.000000e-06	1.341350e+00	1.341350e+00	1.341350e+00	
3	1.200000e-05	1.341350e+00	1.341350e+00	1.341350e+00	
4	2.400000e-05	1.341350e+00	1.341350e+00	1.341350e+00	
5	4.800000e-05	1.341350e+00	1.341350e+00	1.341350e+00	
6	9.600000e-05	1.341350e+00	1.341350e+00	1.341350e+00	
7	1.920000e-04	1.341350e+00	1.341350e+00	1.341350e+00	
8	3.840000e-04	1.341350e+00	1.341350e+00	1.341350e+00	
9	7.680000e-04	1.341350e+00	1.341350e+00	1.341350e+00	
10	1.368000e-03	1.341349e+00	1.341349e+00	1.341349e+00	
11	1.968000e-03	1.341350e+00	1.341350e+00	1.341350e+00	
12	2.568000e-03	1.341350e+00	1.341350e+00	1.341350e+00	
13	3.168000e-03	1.341350e+00	1.341350e+00	1.341350e+00	
14	3.768000e-03	1.341349e+00	1.341349e+00	1.341349e+00	
15	4.368000e-03	1.341350e+00	1.341350e+00	1.341350e+00	
16	4.968000e-03	1.341350e+00	1.341350e+00	1.341350e+00	
17	5.568000e-03	1.341349e+00	1.341349e+00	1.341349e+00	
18	6.168000e-03	1.341349e+00	1.341349e+00	1.341349e+00	
19	6.768000e-03	1.341350e+00	1.341350e+00	1.341350e+00	
20	7.368000e-03	1.341350e+00	1.341350e+00	1.341350e+00	
21	7.968000e-03	1.341349e+00	1.341349e+00	1.341349e+00	
22	8.568000e-03	1.341349e+00	1.341349e+00	1.341349e+00	
23	9.168000e-03	1.341349e+00	1.341349e+00	1.341349e+00	
24	9.768000e-03	1.341349e+00	1.341349e+00	1.341349e+00	
25	1.036800e-02	1.341350e+00	1.341350e+00	1.341350e+00	
26	1.096800e-02	1.341350e+00	1.341350e+00	1.341350e+00	
27	1.156800e-02	1.341350e+00	1.341350e+00	1.341350e+00	
28	1.216800e-02	1.341350e+00	1.341350e+00	1.341350e+00	
29	1.276800e-02	1.341350e+00	1.341350e+00	1.341350e+00	
30	1.336800e-02	1.341350e+00	1.341350e+00	1.341350e+00	
31	1.396800e-02	1.341350e+00	1.341350e+00	1.341350e+00	
32	1.456800e-02	1.341350e+00	1.341350e+00	1.341350e+00	
33	1.516800e-02	1.341349e+00	1.341349e+00	1.341349e+00	
34	1.576800e-02	1.341349e+00	1.341349e+00	1.341349e+00	
35	1.636800e-02	1.341349e+00	1.341349e+00	1.341349e+00	
36	1.696800e-02	1.341350e+00	1.341350e+00	1.341350e+00	
37	1.756800e-02	1.341350e+00	1.341350e+00	1.341350e+00	
38	1.816800e-02	1.341350e+00	1.341350e+00	1.341350e+00	
39	1.876800e-02	1.341350e+00	1.341350e+00	1.341350e+00	
40	1.936800e-02	1.341350e+00	1.341350e+00	1.341350e+00	
41	1.996800e-02	1.341350e+00	1.341350e+00	1.341350e+00	
42	2.056800e-02	1.341350e+00	1.341350e+00	1.341350e+00	
43	2.116800e-02	1.341350e+00	1.341350e+00	1.341350e+00	
44	2.176800e-02	1.341350e+00	1.341350e+00	1.341350e+00	
45	2.236800e-02	1.341349e+00	1.341349e+00	1.341349e+00	
46	2.296800e-02	1.341349e+00	1.341349e+00	1.341349e+00	
47	2.356800e-02	1.341350e+00	1.341350e+00	1.341350e+00	
48	2.416800e-02	1.341350e+00	1.341350e+00	1.341350e+00	
49	2.476800e-02	1.341350e+00	1.341350e+00	1.341350e+00	
50	2.536800e-02	1.341350e+00	1.341350e+00	1.341350e+00	
51	2.596800e-02	1.341350e+00	1.341350e+00	1.341350e+00	
52	2.656800e-02	1.341350e+00	1.341350e+00	1.341350e+00	
53	2.716800e-02	1.341350e+00	1.341350e+00	1.341350e+00	
54	2.776800e-02	1.341350e+00	1.341350e+00	1.341350e+00	

Index   time            m.x1.xm2.msky13 m.x1.xm2.msky13 m.x1.xm2.msky13 
--------------------------------------------------------------------------------
55	2.836800e-02	1.341350e+00	1.341350e+00	1.341350e+00	
56	2.896800e-02	1.341350e+00	1.341350e+00	1.341350e+00	
57	2.956800e-02	1.341349e+00	1.341349e+00	1.341349e+00	
58	3.000000e-02	1.341349e+00	1.341349e+00	1.341349e+00	

                     * c:\users\hp\esim-workspace\cm\cm.cir
                     Transient Analysis  Fri Nov 08 22:46:08  2024
--------------------------------------------------------------------------------
Index   time            m.x1.xm3.msky13 m.x1.xm3.msky13 m.x1.xm3.msky13 
--------------------------------------------------------------------------------
0	0.000000e+00	1.800000e+00	1.800000e+00	1.800000e+00	
1	3.000000e-06	1.800000e+00	1.800000e+00	1.800000e+00	
2	6.000000e-06	1.800000e+00	1.800000e+00	1.800000e+00	
3	1.200000e-05	1.800000e+00	1.800000e+00	1.800000e+00	
4	2.400000e-05	1.800000e+00	1.800000e+00	1.800000e+00	
5	4.800000e-05	1.800000e+00	1.800000e+00	1.800000e+00	
6	9.600000e-05	1.800000e+00	1.800000e+00	1.800000e+00	
7	1.920000e-04	1.800000e+00	1.800000e+00	1.800000e+00	
8	3.840000e-04	1.800000e+00	1.800000e+00	1.800000e+00	
9	7.680000e-04	1.800000e+00	1.800000e+00	1.800000e+00	
10	1.368000e-03	1.800000e+00	1.800000e+00	1.800000e+00	
11	1.968000e-03	1.800000e+00	1.800000e+00	1.800000e+00	
12	2.568000e-03	1.800000e+00	1.800000e+00	1.800000e+00	
13	3.168000e-03	1.800000e+00	1.800000e+00	1.800000e+00	
14	3.768000e-03	1.800000e+00	1.800000e+00	1.800000e+00	
15	4.368000e-03	1.800000e+00	1.800000e+00	1.800000e+00	
16	4.968000e-03	1.800000e+00	1.800000e+00	1.800000e+00	
17	5.568000e-03	1.800000e+00	1.800000e+00	1.800000e+00	
18	6.168000e-03	1.800000e+00	1.800000e+00	1.800000e+00	
19	6.768000e-03	1.800000e+00	1.800000e+00	1.800000e+00	
20	7.368000e-03	1.800000e+00	1.800000e+00	1.800000e+00	
21	7.968000e-03	1.800000e+00	1.800000e+00	1.800000e+00	
22	8.568000e-03	1.800000e+00	1.800000e+00	1.800000e+00	
23	9.168000e-03	1.800000e+00	1.800000e+00	1.800000e+00	
24	9.768000e-03	1.800000e+00	1.800000e+00	1.800000e+00	
25	1.036800e-02	1.800000e+00	1.800000e+00	1.800000e+00	
26	1.096800e-02	1.800000e+00	1.800000e+00	1.800000e+00	
27	1.156800e-02	1.800000e+00	1.800000e+00	1.800000e+00	
28	1.216800e-02	1.800000e+00	1.800000e+00	1.800000e+00	
29	1.276800e-02	1.800000e+00	1.800000e+00	1.800000e+00	
30	1.336800e-02	1.800000e+00	1.800000e+00	1.800000e+00	
31	1.396800e-02	1.800000e+00	1.800000e+00	1.800000e+00	
32	1.456800e-02	1.800000e+00	1.800000e+00	1.800000e+00	
33	1.516800e-02	1.800000e+00	1.800000e+00	1.800000e+00	
34	1.576800e-02	1.800000e+00	1.800000e+00	1.800000e+00	
35	1.636800e-02	1.800000e+00	1.800000e+00	1.800000e+00	
36	1.696800e-02	1.800000e+00	1.800000e+00	1.800000e+00	
37	1.756800e-02	1.800000e+00	1.800000e+00	1.800000e+00	
38	1.816800e-02	1.800000e+00	1.800000e+00	1.800000e+00	
39	1.876800e-02	1.800000e+00	1.800000e+00	1.800000e+00	
40	1.936800e-02	1.800000e+00	1.800000e+00	1.800000e+00	
41	1.996800e-02	1.800000e+00	1.800000e+00	1.800000e+00	
42	2.056800e-02	1.800000e+00	1.800000e+00	1.800000e+00	
43	2.116800e-02	1.800000e+00	1.800000e+00	1.800000e+00	
44	2.176800e-02	1.800000e+00	1.800000e+00	1.800000e+00	
45	2.236800e-02	1.800000e+00	1.800000e+00	1.800000e+00	
46	2.296800e-02	1.800000e+00	1.800000e+00	1.800000e+00	
47	2.356800e-02	1.800000e+00	1.800000e+00	1.800000e+00	
48	2.416800e-02	1.800000e+00	1.800000e+00	1.800000e+00	
49	2.476800e-02	1.800000e+00	1.800000e+00	1.800000e+00	
50	2.536800e-02	1.800000e+00	1.800000e+00	1.800000e+00	
51	2.596800e-02	1.800000e+00	1.800000e+00	1.800000e+00	
52	2.656800e-02	1.800000e+00	1.800000e+00	1.800000e+00	
53	2.716800e-02	1.800000e+00	1.800000e+00	1.800000e+00	
54	2.776800e-02	1.800000e+00	1.800000e+00	1.800000e+00	

Index   time            m.x1.xm3.msky13 m.x1.xm3.msky13 m.x1.xm3.msky13 
--------------------------------------------------------------------------------
55	2.836800e-02	1.800000e+00	1.800000e+00	1.800000e+00	
56	2.896800e-02	1.800000e+00	1.800000e+00	1.800000e+00	
57	2.956800e-02	1.800000e+00	1.800000e+00	1.800000e+00	
58	3.000000e-02	1.800000e+00	1.800000e+00	1.800000e+00	

                     * c:\users\hp\esim-workspace\cm\cm.cir
                     Transient Analysis  Fri Nov 08 22:46:08  2024
--------------------------------------------------------------------------------
Index   time            m.x1.xm4.msky13 m.x1.xm4.msky13 m.x1.xm4.msky13 
--------------------------------------------------------------------------------
0	0.000000e+00	1.800000e+00	1.800000e+00	1.800000e+00	
1	3.000000e-06	1.800000e+00	1.800000e+00	1.800000e+00	
2	6.000000e-06	1.800000e+00	1.800000e+00	1.800000e+00	
3	1.200000e-05	1.800000e+00	1.800000e+00	1.800000e+00	
4	2.400000e-05	1.800000e+00	1.800000e+00	1.800000e+00	
5	4.800000e-05	1.800000e+00	1.800000e+00	1.800000e+00	
6	9.600000e-05	1.800000e+00	1.800000e+00	1.800000e+00	
7	1.920000e-04	1.800000e+00	1.800000e+00	1.800000e+00	
8	3.840000e-04	1.800000e+00	1.800000e+00	1.800000e+00	
9	7.680000e-04	1.800000e+00	1.800000e+00	1.800000e+00	
10	1.368000e-03	1.800000e+00	1.800000e+00	1.800000e+00	
11	1.968000e-03	1.800000e+00	1.800000e+00	1.800000e+00	
12	2.568000e-03	1.800000e+00	1.800000e+00	1.800000e+00	
13	3.168000e-03	1.800000e+00	1.800000e+00	1.800000e+00	
14	3.768000e-03	1.800000e+00	1.800000e+00	1.800000e+00	
15	4.368000e-03	1.800000e+00	1.800000e+00	1.800000e+00	
16	4.968000e-03	1.800000e+00	1.800000e+00	1.800000e+00	
17	5.568000e-03	1.800000e+00	1.800000e+00	1.800000e+00	
18	6.168000e-03	1.800000e+00	1.800000e+00	1.800000e+00	
19	6.768000e-03	1.800000e+00	1.800000e+00	1.800000e+00	
20	7.368000e-03	1.800000e+00	1.800000e+00	1.800000e+00	
21	7.968000e-03	1.800000e+00	1.800000e+00	1.800000e+00	
22	8.568000e-03	1.800000e+00	1.800000e+00	1.800000e+00	
23	9.168000e-03	1.800000e+00	1.800000e+00	1.800000e+00	
24	9.768000e-03	1.800000e+00	1.800000e+00	1.800000e+00	
25	1.036800e-02	1.800000e+00	1.800000e+00	1.800000e+00	
26	1.096800e-02	1.800000e+00	1.800000e+00	1.800000e+00	
27	1.156800e-02	1.800000e+00	1.800000e+00	1.800000e+00	
28	1.216800e-02	1.800000e+00	1.800000e+00	1.800000e+00	
29	1.276800e-02	1.800000e+00	1.800000e+00	1.800000e+00	
30	1.336800e-02	1.800000e+00	1.800000e+00	1.800000e+00	
31	1.396800e-02	1.800000e+00	1.800000e+00	1.800000e+00	
32	1.456800e-02	1.800000e+00	1.800000e+00	1.800000e+00	
33	1.516800e-02	1.800000e+00	1.800000e+00	1.800000e+00	
34	1.576800e-02	1.800000e+00	1.800000e+00	1.800000e+00	
35	1.636800e-02	1.800000e+00	1.800000e+00	1.800000e+00	
36	1.696800e-02	1.800000e+00	1.800000e+00	1.800000e+00	
37	1.756800e-02	1.800000e+00	1.800000e+00	1.800000e+00	
38	1.816800e-02	1.800000e+00	1.800000e+00	1.800000e+00	
39	1.876800e-02	1.800000e+00	1.800000e+00	1.800000e+00	
40	1.936800e-02	1.800000e+00	1.800000e+00	1.800000e+00	
41	1.996800e-02	1.800000e+00	1.800000e+00	1.800000e+00	
42	2.056800e-02	1.800000e+00	1.800000e+00	1.800000e+00	
43	2.116800e-02	1.800000e+00	1.800000e+00	1.800000e+00	
44	2.176800e-02	1.800000e+00	1.800000e+00	1.800000e+00	
45	2.236800e-02	1.800000e+00	1.800000e+00	1.800000e+00	
46	2.296800e-02	1.800000e+00	1.800000e+00	1.800000e+00	
47	2.356800e-02	1.800000e+00	1.800000e+00	1.800000e+00	
48	2.416800e-02	1.800000e+00	1.800000e+00	1.800000e+00	
49	2.476800e-02	1.800000e+00	1.800000e+00	1.800000e+00	
50	2.536800e-02	1.800000e+00	1.800000e+00	1.800000e+00	
51	2.596800e-02	1.800000e+00	1.800000e+00	1.800000e+00	
52	2.656800e-02	1.800000e+00	1.800000e+00	1.800000e+00	
53	2.716800e-02	1.800000e+00	1.800000e+00	1.800000e+00	
54	2.776800e-02	1.800000e+00	1.800000e+00	1.800000e+00	

Index   time            m.x1.xm4.msky13 m.x1.xm4.msky13 m.x1.xm4.msky13 
--------------------------------------------------------------------------------
55	2.836800e-02	1.800000e+00	1.800000e+00	1.800000e+00	
56	2.896800e-02	1.800000e+00	1.800000e+00	1.800000e+00	
57	2.956800e-02	1.800000e+00	1.800000e+00	1.800000e+00	
58	3.000000e-02	1.800000e+00	1.800000e+00	1.800000e+00	

                     * c:\users\hp\esim-workspace\cm\cm.cir
                     Transient Analysis  Fri Nov 08 22:46:08  2024
--------------------------------------------------------------------------------
Index   time            m.x1.xm5.msky13 m.x1.xm5.msky13 m.x1.xm5.msky13 
--------------------------------------------------------------------------------
0	0.000000e+00	1.689325e-11	4.223037e-11	8.446626e-12	
1	3.000000e-06	1.689323e-11	4.223033e-11	8.446616e-12	
2	6.000000e-06	1.689324e-11	4.223036e-11	8.446622e-12	
3	1.200000e-05	1.689323e-11	4.223033e-11	8.446617e-12	
4	2.400000e-05	1.689324e-11	4.223034e-11	8.446619e-12	
5	4.800000e-05	1.689323e-11	4.223034e-11	8.446617e-12	
6	9.600000e-05	1.689323e-11	4.223034e-11	8.446617e-12	
7	1.920000e-04	1.689328e-11	4.223041e-11	8.446638e-12	
8	3.840000e-04	1.689324e-11	4.223034e-11	8.446618e-12	
9	7.680000e-04	1.689324e-11	4.223034e-11	8.446619e-12	
10	1.368000e-03	1.689325e-11	4.223037e-11	8.446627e-12	
11	1.968000e-03	1.689325e-11	4.223037e-11	8.446626e-12	
12	2.568000e-03	1.689326e-11	4.223038e-11	8.446630e-12	
13	3.168000e-03	1.689324e-11	4.223035e-11	8.446621e-12	
14	3.768000e-03	1.689325e-11	4.223035e-11	8.446623e-12	
15	4.368000e-03	1.689326e-11	4.223039e-11	8.446632e-12	
16	4.968000e-03	1.689323e-11	4.223033e-11	8.446616e-12	
17	5.568000e-03	1.689325e-11	4.223036e-11	8.446625e-12	
18	6.168000e-03	1.689326e-11	4.223038e-11	8.446629e-12	
19	6.768000e-03	1.689326e-11	4.223039e-11	8.446632e-12	
20	7.368000e-03	1.689324e-11	4.223035e-11	8.446620e-12	
21	7.968000e-03	1.689324e-11	4.223034e-11	8.446620e-12	
22	8.568000e-03	1.689326e-11	4.223037e-11	8.446629e-12	
23	9.168000e-03	1.689325e-11	4.223036e-11	8.446625e-12	
24	9.768000e-03	1.689325e-11	4.223037e-11	8.446627e-12	
25	1.036800e-02	1.689325e-11	4.223037e-11	8.446626e-12	
26	1.096800e-02	1.689325e-11	4.223036e-11	8.446624e-12	
27	1.156800e-02	1.689325e-11	4.223037e-11	8.446627e-12	
28	1.216800e-02	1.689326e-11	4.223038e-11	8.446631e-12	
29	1.276800e-02	1.689324e-11	4.223035e-11	8.446622e-12	
30	1.336800e-02	1.689325e-11	4.223037e-11	8.446627e-12	
31	1.396800e-02	1.689325e-11	4.223037e-11	8.446627e-12	
32	1.456800e-02	1.689323e-11	4.223033e-11	8.446616e-12	
33	1.516800e-02	1.689326e-11	4.223038e-11	8.446630e-12	
34	1.576800e-02	1.689325e-11	4.223035e-11	8.446623e-12	
35	1.636800e-02	1.689325e-11	4.223037e-11	8.446627e-12	
36	1.696800e-02	1.689326e-11	4.223038e-11	8.446630e-12	
37	1.756800e-02	1.689324e-11	4.223034e-11	8.446619e-12	
38	1.816800e-02	1.689327e-11	4.223039e-11	8.446633e-12	
39	1.876800e-02	1.689325e-11	4.223036e-11	8.446625e-12	
40	1.936800e-02	1.689325e-11	4.223036e-11	8.446623e-12	
41	1.996800e-02	1.689325e-11	4.223037e-11	8.446626e-12	
42	2.056800e-02	1.689325e-11	4.223036e-11	8.446624e-12	
43	2.116800e-02	1.689326e-11	4.223038e-11	8.446630e-12	
44	2.176800e-02	1.689323e-11	4.223033e-11	8.446617e-12	
45	2.236800e-02	1.689325e-11	4.223036e-11	8.446626e-12	
46	2.296800e-02	1.689325e-11	4.223037e-11	8.446626e-12	
47	2.356800e-02	1.689327e-11	4.223039e-11	8.446633e-12	
48	2.416800e-02	1.689325e-11	4.223036e-11	8.446623e-12	
49	2.476800e-02	1.689325e-11	4.223036e-11	8.446625e-12	
50	2.536800e-02	1.689326e-11	4.223038e-11	8.446629e-12	
51	2.596800e-02	1.689325e-11	4.223037e-11	8.446627e-12	
52	2.656800e-02	1.689324e-11	4.223035e-11	8.446621e-12	
53	2.716800e-02	1.689326e-11	4.223038e-11	8.446631e-12	
54	2.776800e-02	1.689324e-11	4.223035e-11	8.446622e-12	

Index   time            m.x1.xm5.msky13 m.x1.xm5.msky13 m.x1.xm5.msky13 
--------------------------------------------------------------------------------
55	2.836800e-02	1.689324e-11	4.223035e-11	8.446621e-12	
56	2.896800e-02	1.689325e-11	4.223037e-11	8.446626e-12	
57	2.956800e-02	1.689324e-11	4.223035e-11	8.446622e-12	
58	3.000000e-02	1.689326e-11	4.223037e-11	8.446629e-12	

                     * c:\users\hp\esim-workspace\cm\cm.cir
                     Transient Analysis  Fri Nov 08 22:46:08  2024
--------------------------------------------------------------------------------
Index   time            m.x1.xm6.msky13 m.x1.xm6.msky13 m.x1.xm6.msky13 
--------------------------------------------------------------------------------
0	0.000000e+00	8.098641e-31	2.024660e-30	4.049320e-31	
1	3.000000e-06	-5.05238e-18	-3.04120e-18	-2.52619e-18	
2	6.000000e-06	-1.86267e-18	-1.11856e-18	-9.31337e-19	
3	1.200000e-05	-3.85525e-18	-2.31458e-18	-1.92762e-18	
4	2.400000e-05	-2.67345e-18	-1.60812e-18	-1.33672e-18	
5	4.800000e-05	-3.97769e-18	-2.39539e-18	-1.98884e-18	
6	9.600000e-05	-3.64405e-18	-2.20633e-18	-1.82202e-18	
7	1.920000e-04	5.143817e-18	3.068792e-18	2.571908e-18	
8	3.840000e-04	-3.52439e-18	-2.12060e-18	-1.76219e-18	
9	7.680000e-04	-3.92213e-18	-2.44880e-18	-1.96107e-18	
10	1.368000e-03	1.125679e-18	5.650316e-19	5.628393e-19	
11	1.968000e-03	3.730675e-19	1.428647e-19	1.865337e-19	
12	2.568000e-03	1.939197e-18	1.125961e-18	9.695984e-19	
13	3.168000e-03	-2.29238e-18	-1.41670e-18	-1.14619e-18	
14	3.768000e-03	-9.34212e-19	-6.49303e-19	-4.67106e-19	
15	4.368000e-03	2.875503e-18	1.672412e-18	1.437752e-18	
16	4.968000e-03	-3.70776e-18	-2.29012e-18	-1.85388e-18	
17	5.568000e-03	4.183114e-19	1.262469e-19	2.091557e-19	
18	6.168000e-03	1.811697e-18	1.004641e-18	9.058484e-19	
19	6.768000e-03	2.276182e-18	1.359115e-18	1.138091e-18	
20	7.368000e-03	-2.61316e-18	-1.57914e-18	-1.30658e-18	
21	7.968000e-03	-2.01921e-18	-1.30375e-18	-1.00961e-18	
22	8.568000e-03	1.876323e-18	1.031758e-18	9.381617e-19	
23	9.168000e-03	-1.35937e-19	-1.41843e-19	-6.79686e-20	
24	9.768000e-03	7.080406e-19	3.761357e-19	3.540203e-19	
25	1.036800e-02	4.562549e-19	2.470503e-19	2.281275e-19	
26	1.096800e-02	-6.67233e-19	-4.30008e-19	-3.33617e-19	
27	1.156800e-02	8.786263e-19	5.015039e-19	4.393131e-19	
28	1.216800e-02	1.995530e-18	1.224109e-18	9.977648e-19	
29	1.276800e-02	-1.95767e-18	-1.14612e-18	-9.78835e-19	
30	1.336800e-02	5.486201e-19	3.376501e-19	2.743101e-19	
31	1.396800e-02	5.141550e-19	3.360366e-19	2.570775e-19	
32	1.456800e-02	-4.61105e-18	-2.80762e-18	-2.30552e-18	
33	1.516800e-02	2.451711e-18	1.410996e-18	1.225855e-18	
34	1.576800e-02	-1.17266e-18	-7.50527e-19	-5.86329e-19	
35	1.636800e-02	1.258470e-18	7.221596e-19	6.292351e-19	
36	1.696800e-02	1.500877e-18	9.063345e-19	7.504385e-19	
37	1.756800e-02	-2.52704e-18	-1.51564e-18	-1.26352e-18	
38	1.816800e-02	2.933309e-18	1.761758e-18	1.466654e-18	
39	1.876800e-02	-2.01134e-19	-6.41744e-20	-1.00567e-19	
40	1.936800e-02	-1.86342e-18	-1.11389e-18	-9.31708e-19	
41	1.996800e-02	8.376374e-19	5.113685e-19	4.188187e-19	
42	2.056800e-02	-1.43058e-18	-8.79592e-19	-7.15288e-19	
43	2.116800e-02	2.374780e-18	1.439955e-18	1.187390e-18	
44	2.176800e-02	-4.67463e-18	-2.84856e-18	-2.33731e-18	
45	2.236800e-02	1.587754e-18	8.831743e-19	7.938772e-19	
46	2.296800e-02	-1.12242e-19	-1.30947e-19	-5.61208e-20	
47	2.356800e-02	3.710697e-18	2.251085e-18	1.855348e-18	
48	2.416800e-02	-2.01208e-18	-1.17392e-18	-1.00604e-18	
49	2.476800e-02	1.287315e-19	9.522714e-20	6.436573e-20	
50	2.536800e-02	8.498223e-19	5.340309e-19	4.249112e-19	
51	2.596800e-02	8.867315e-19	6.018061e-19	4.433657e-19	
52	2.656800e-02	-3.04668e-18	-1.81119e-18	-1.52334e-18	
53	2.716800e-02	2.718698e-18	1.664436e-18	1.359349e-18	
54	2.776800e-02	-2.09206e-18	-1.22594e-18	-1.04603e-18	

Index   time            m.x1.xm6.msky13 m.x1.xm6.msky13 m.x1.xm6.msky13 
--------------------------------------------------------------------------------
55	2.836800e-02	-1.59684e-18	-9.75300e-19	-7.98422e-19	
56	2.896800e-02	2.110662e-19	8.003653e-20	1.055331e-19	
57	2.956800e-02	-8.95084e-19	-5.85248e-19	-4.47542e-19	
58	3.000000e-02	1.114056e-18	6.136666e-19	5.570280e-19	

                     * c:\users\hp\esim-workspace\cm\cm.cir
                     Transient Analysis  Fri Nov 08 22:46:08  2024
--------------------------------------------------------------------------------
Index   time                            m.x1.xm7.msky13 m.x1.xm7.msky13 
--------------------------------------------------------------------------------
0	0.000000e+00	0.000000e+00	1.800000e+00	1.800000e+00	
1	3.000000e-06	0.000000e+00	1.800000e+00	1.800000e+00	
2	6.000000e-06	0.000000e+00	1.800000e+00	1.800000e+00	
3	1.200000e-05	0.000000e+00	1.800000e+00	1.800000e+00	
4	2.400000e-05	0.000000e+00	1.800000e+00	1.800000e+00	
5	4.800000e-05	0.000000e+00	1.800000e+00	1.800000e+00	
6	9.600000e-05	0.000000e+00	1.800000e+00	1.800000e+00	
7	1.920000e-04	0.000000e+00	1.800000e+00	1.800000e+00	
8	3.840000e-04	0.000000e+00	1.800000e+00	1.800000e+00	
9	7.680000e-04	0.000000e+00	1.800000e+00	1.800000e+00	
10	1.368000e-03	0.000000e+00	1.800000e+00	1.800000e+00	
11	1.968000e-03	0.000000e+00	1.800000e+00	1.800000e+00	
12	2.568000e-03	0.000000e+00	1.800000e+00	1.800000e+00	
13	3.168000e-03	0.000000e+00	1.800000e+00	1.800000e+00	
14	3.768000e-03	0.000000e+00	1.800000e+00	1.800000e+00	
15	4.368000e-03	0.000000e+00	1.800000e+00	1.800000e+00	
16	4.968000e-03	0.000000e+00	1.800000e+00	1.800000e+00	
17	5.568000e-03	0.000000e+00	1.800000e+00	1.800000e+00	
18	6.168000e-03	0.000000e+00	1.800000e+00	1.800000e+00	
19	6.768000e-03	0.000000e+00	1.800000e+00	1.800000e+00	
20	7.368000e-03	0.000000e+00	1.800000e+00	1.800000e+00	
21	7.968000e-03	0.000000e+00	1.800000e+00	1.800000e+00	
22	8.568000e-03	0.000000e+00	1.800000e+00	1.800000e+00	
23	9.168000e-03	0.000000e+00	1.800000e+00	1.800000e+00	
24	9.768000e-03	0.000000e+00	1.800000e+00	1.800000e+00	
25	1.036800e-02	0.000000e+00	1.800000e+00	1.800000e+00	
26	1.096800e-02	0.000000e+00	1.800000e+00	1.800000e+00	
27	1.156800e-02	0.000000e+00	1.800000e+00	1.800000e+00	
28	1.216800e-02	0.000000e+00	1.800000e+00	1.800000e+00	
29	1.276800e-02	0.000000e+00	1.800000e+00	1.800000e+00	
30	1.336800e-02	0.000000e+00	1.800000e+00	1.800000e+00	
31	1.396800e-02	0.000000e+00	1.800000e+00	1.800000e+00	
32	1.456800e-02	0.000000e+00	1.800000e+00	1.800000e+00	
33	1.516800e-02	0.000000e+00	1.800000e+00	1.800000e+00	
34	1.576800e-02	0.000000e+00	1.800000e+00	1.800000e+00	
35	1.636800e-02	0.000000e+00	1.800000e+00	1.800000e+00	
36	1.696800e-02	0.000000e+00	1.800000e+00	1.800000e+00	
37	1.756800e-02	0.000000e+00	1.800000e+00	1.800000e+00	
38	1.816800e-02	0.000000e+00	1.800000e+00	1.800000e+00	
39	1.876800e-02	0.000000e+00	1.800000e+00	1.800000e+00	
40	1.936800e-02	0.000000e+00	1.800000e+00	1.800000e+00	
41	1.996800e-02	0.000000e+00	1.800000e+00	1.800000e+00	
42	2.056800e-02	0.000000e+00	1.800000e+00	1.800000e+00	
43	2.116800e-02	0.000000e+00	1.800000e+00	1.800000e+00	
44	2.176800e-02	0.000000e+00	1.800000e+00	1.800000e+00	
45	2.236800e-02	0.000000e+00	1.800000e+00	1.800000e+00	
46	2.296800e-02	0.000000e+00	1.800000e+00	1.800000e+00	
47	2.356800e-02	0.000000e+00	1.800000e+00	1.800000e+00	
48	2.416800e-02	0.000000e+00	1.800000e+00	1.800000e+00	
49	2.476800e-02	0.000000e+00	1.800000e+00	1.800000e+00	
50	2.536800e-02	0.000000e+00	1.800000e+00	1.800000e+00	
51	2.596800e-02	0.000000e+00	1.800000e+00	1.800000e+00	
52	2.656800e-02	0.000000e+00	1.800000e+00	1.800000e+00	
53	2.716800e-02	0.000000e+00	1.800000e+00	1.800000e+00	
54	2.776800e-02	0.000000e+00	1.800000e+00	1.800000e+00	

Index   time                            m.x1.xm7.msky13 m.x1.xm7.msky13 
--------------------------------------------------------------------------------
55	2.836800e-02	0.000000e+00	1.800000e+00	1.800000e+00	
56	2.896800e-02	0.000000e+00	1.800000e+00	1.800000e+00	
57	2.956800e-02	0.000000e+00	1.800000e+00	1.800000e+00	
58	3.000000e-02	0.000000e+00	1.800000e+00	1.800000e+00	

                     * c:\users\hp\esim-workspace\cm\cm.cir
                     Transient Analysis  Fri Nov 08 22:46:08  2024
--------------------------------------------------------------------------------
Index   time            m.x1.xm7.msky13 m.x1.xm8.msky13 m.x1.xm8.msky13 
--------------------------------------------------------------------------------
0	0.000000e+00	1.800000e+00	1.996642e-13	4.991604e-13	
1	3.000000e-06	1.800000e+00	1.996360e-13	4.991443e-13	
2	6.000000e-06	1.800000e+00	1.996502e-13	4.991504e-13	
3	1.200000e-05	1.800000e+00	1.996425e-13	4.991516e-13	
4	2.400000e-05	1.800000e+00	1.996513e-13	4.991580e-13	
5	4.800000e-05	1.800000e+00	1.996377e-13	4.991444e-13	
6	9.600000e-05	1.800000e+00	1.996439e-13	4.991524e-13	
7	1.920000e-04	1.800000e+00	1.996975e-13	4.991795e-13	
8	3.840000e-04	1.800000e+00	1.996416e-13	4.991478e-13	
9	7.680000e-04	1.800000e+00	1.996469e-13	4.991514e-13	
10	1.368000e-03	1.800000e+00	1.996739e-13	4.991683e-13	
11	1.968000e-03	1.800000e+00	1.996655e-13	4.991598e-13	
12	2.568000e-03	1.800000e+00	1.996760e-13	4.991662e-13	
13	3.168000e-03	1.800000e+00	1.996519e-13	4.991539e-13	
14	3.768000e-03	1.800000e+00	1.996590e-13	4.991581e-13	
15	4.368000e-03	1.800000e+00	1.996823e-13	4.991701e-13	
16	4.968000e-03	1.800000e+00	1.996409e-13	4.991477e-13	
17	5.568000e-03	1.800000e+00	1.996684e-13	4.991640e-13	
18	6.168000e-03	1.800000e+00	1.996756e-13	4.991664e-13	
19	6.768000e-03	1.800000e+00	1.996772e-13	4.991660e-13	
20	7.368000e-03	1.800000e+00	1.996476e-13	4.991506e-13	
21	7.968000e-03	1.800000e+00	1.996528e-13	4.991554e-13	
22	8.568000e-03	1.800000e+00	1.996770e-13	4.991681e-13	
23	9.168000e-03	1.800000e+00	1.996636e-13	4.991602e-13	
24	9.768000e-03	1.800000e+00	1.996681e-13	4.991617e-13	
25	1.036800e-02	1.800000e+00	1.996678e-13	4.991632e-13	
26	1.096800e-02	1.800000e+00	1.996591e-13	4.991566e-13	
27	1.156800e-02	1.800000e+00	1.996699e-13	4.991636e-13	
28	1.216800e-02	1.800000e+00	1.996763e-13	4.991667e-13	
29	1.276800e-02	1.800000e+00	1.996525e-13	4.991536e-13	
30	1.336800e-02	1.800000e+00	1.996672e-13	4.991616e-13	
31	1.396800e-02	1.800000e+00	1.996686e-13	4.991637e-13	
32	1.456800e-02	1.800000e+00	1.996400e-13	4.991478e-13	
33	1.516800e-02	1.800000e+00	1.996768e-13	4.991669e-13	
34	1.576800e-02	1.800000e+00	1.996609e-13	4.991601e-13	
35	1.636800e-02	1.800000e+00	1.996683e-13	4.991612e-13	
36	1.696800e-02	1.800000e+00	1.996763e-13	4.991670e-13	
37	1.756800e-02	1.800000e+00	1.996476e-13	4.991521e-13	
38	1.816800e-02	1.800000e+00	1.996836e-13	4.991705e-13	
39	1.876800e-02	1.800000e+00	1.996579e-13	4.991555e-13	
40	1.936800e-02	1.800000e+00	1.996583e-13	4.991580e-13	
41	1.996800e-02	1.800000e+00	1.996652e-13	4.991611e-13	
42	2.056800e-02	1.800000e+00	1.996602e-13	4.991590e-13	
43	2.116800e-02	1.800000e+00	1.996744e-13	4.991656e-13	
44	2.176800e-02	1.800000e+00	1.996413e-13	4.991478e-13	
45	2.236800e-02	1.800000e+00	1.996709e-13	4.991657e-13	
46	2.296800e-02	1.800000e+00	1.996689e-13	4.991633e-13	
47	2.356800e-02	1.800000e+00	1.996804e-13	4.991669e-13	
48	2.416800e-02	1.800000e+00	1.996558e-13	4.991561e-13	
49	2.476800e-02	1.800000e+00	1.996627e-13	4.991600e-13	
50	2.536800e-02	1.800000e+00	1.996728e-13	4.991653e-13	
51	2.596800e-02	1.800000e+00	1.996663e-13	4.991616e-13	
52	2.656800e-02	1.800000e+00	1.996487e-13	4.991506e-13	
53	2.716800e-02	1.800000e+00	1.996777e-13	4.991679e-13	
54	2.776800e-02	1.800000e+00	1.996566e-13	4.991579e-13	

Index   time            m.x1.xm7.msky13 m.x1.xm8.msky13 m.x1.xm8.msky13 
--------------------------------------------------------------------------------
55	2.836800e-02	1.800000e+00	1.996525e-13	4.991535e-13	
56	2.896800e-02	1.800000e+00	1.996687e-13	4.991639e-13	
57	2.956800e-02	1.800000e+00	1.996563e-13	4.991560e-13	
58	3.000000e-02	1.800000e+00	1.996735e-13	4.991654e-13	

                     * c:\users\hp\esim-workspace\cm\cm.cir
                     Transient Analysis  Fri Nov 08 22:46:08  2024
--------------------------------------------------------------------------------
Index   time            m.x1.xm8.msky13 m.x2.xm1.msky13 m.x2.xm1.msky13 
--------------------------------------------------------------------------------
0	0.000000e+00	9.983208e-14	1.353940e+00	1.353940e+00	
1	3.000000e-06	9.981798e-14	1.353940e+00	1.353940e+00	
2	6.000000e-06	9.982511e-14	1.353940e+00	1.353940e+00	
3	1.200000e-05	9.982124e-14	1.353940e+00	1.353940e+00	
4	2.400000e-05	9.982565e-14	1.353940e+00	1.353940e+00	
5	4.800000e-05	9.981884e-14	1.353940e+00	1.353940e+00	
6	9.600000e-05	9.982194e-14	1.353940e+00	1.353940e+00	
7	1.920000e-04	9.984877e-14	1.353940e+00	1.353940e+00	
8	3.840000e-04	9.982081e-14	1.353940e+00	1.353940e+00	
9	7.680000e-04	9.982344e-14	1.353940e+00	1.353940e+00	
10	1.368000e-03	9.983696e-14	1.353940e+00	1.353940e+00	
11	1.968000e-03	9.983276e-14	1.353940e+00	1.353940e+00	
12	2.568000e-03	9.983798e-14	1.353940e+00	1.353940e+00	
13	3.168000e-03	9.982596e-14	1.353940e+00	1.353940e+00	
14	3.768000e-03	9.982951e-14	1.353940e+00	1.353940e+00	
15	4.368000e-03	9.984115e-14	1.353940e+00	1.353940e+00	
16	4.968000e-03	9.982045e-14	1.353940e+00	1.353940e+00	
17	5.568000e-03	9.983418e-14	1.353940e+00	1.353940e+00	
18	6.168000e-03	9.983781e-14	1.353940e+00	1.353940e+00	
19	6.768000e-03	9.983861e-14	1.353940e+00	1.353940e+00	
20	7.368000e-03	9.982379e-14	1.353940e+00	1.353940e+00	
21	7.968000e-03	9.982639e-14	1.353940e+00	1.353940e+00	
22	8.568000e-03	9.983849e-14	1.353940e+00	1.353940e+00	
23	9.168000e-03	9.983178e-14	1.353940e+00	1.353940e+00	
24	9.768000e-03	9.983404e-14	1.353940e+00	1.353940e+00	
25	1.036800e-02	9.983390e-14	1.353940e+00	1.353940e+00	
26	1.096800e-02	9.982956e-14	1.353940e+00	1.353940e+00	
27	1.156800e-02	9.983493e-14	1.353940e+00	1.353940e+00	
28	1.216800e-02	9.983817e-14	1.353940e+00	1.353940e+00	
29	1.276800e-02	9.982626e-14	1.353940e+00	1.353940e+00	
30	1.336800e-02	9.983358e-14	1.353940e+00	1.353940e+00	
31	1.396800e-02	9.983431e-14	1.353940e+00	1.353940e+00	
32	1.456800e-02	9.982000e-14	1.353940e+00	1.353940e+00	
33	1.516800e-02	9.983841e-14	1.353940e+00	1.353940e+00	
34	1.576800e-02	9.983044e-14	1.353940e+00	1.353940e+00	
35	1.636800e-02	9.983414e-14	1.353940e+00	1.353940e+00	
36	1.696800e-02	9.983814e-14	1.353940e+00	1.353940e+00	
37	1.756800e-02	9.982381e-14	1.353940e+00	1.353940e+00	
38	1.816800e-02	9.984180e-14	1.353940e+00	1.353940e+00	
39	1.876800e-02	9.982897e-14	1.353940e+00	1.353940e+00	
40	1.936800e-02	9.982916e-14	1.353940e+00	1.353940e+00	
41	1.996800e-02	9.983258e-14	1.353940e+00	1.353940e+00	
42	2.056800e-02	9.983010e-14	1.353940e+00	1.353940e+00	
43	2.116800e-02	9.983720e-14	1.353940e+00	1.353940e+00	
44	2.176800e-02	9.982063e-14	1.353940e+00	1.353940e+00	
45	2.236800e-02	9.983544e-14	1.353940e+00	1.353940e+00	
46	2.296800e-02	9.983444e-14	1.353940e+00	1.353940e+00	
47	2.356800e-02	9.984022e-14	1.353940e+00	1.353940e+00	
48	2.416800e-02	9.982790e-14	1.353940e+00	1.353940e+00	
49	2.476800e-02	9.983135e-14	1.353940e+00	1.353940e+00	
50	2.536800e-02	9.983641e-14	1.353940e+00	1.353940e+00	
51	2.596800e-02	9.983316e-14	1.353940e+00	1.353940e+00	
52	2.656800e-02	9.982435e-14	1.353940e+00	1.353940e+00	
53	2.716800e-02	9.983887e-14	1.353940e+00	1.353940e+00	
54	2.776800e-02	9.982828e-14	1.353940e+00	1.353940e+00	

Index   time            m.x1.xm8.msky13 m.x2.xm1.msky13 m.x2.xm1.msky13 
--------------------------------------------------------------------------------
55	2.836800e-02	9.982626e-14	1.353940e+00	1.353940e+00	
56	2.896800e-02	9.983435e-14	1.353940e+00	1.353940e+00	
57	2.956800e-02	9.982817e-14	1.353940e+00	1.353940e+00	
58	3.000000e-02	9.983676e-14	1.353940e+00	1.353940e+00	

                     * c:\users\hp\esim-workspace\cm\cm.cir
                     Transient Analysis  Fri Nov 08 22:46:08  2024
--------------------------------------------------------------------------------
Index   time            m.x2.xm1.msky13 m.x2.xm2.msky13 m.x2.xm2.msky13 
--------------------------------------------------------------------------------
0	0.000000e+00	1.353940e+00	1.353940e+00	1.353940e+00	
1	3.000000e-06	1.353940e+00	1.353940e+00	1.353940e+00	
2	6.000000e-06	1.353940e+00	1.353940e+00	1.353940e+00	
3	1.200000e-05	1.353940e+00	1.353940e+00	1.353940e+00	
4	2.400000e-05	1.353940e+00	1.353940e+00	1.353940e+00	
5	4.800000e-05	1.353940e+00	1.353940e+00	1.353940e+00	
6	9.600000e-05	1.353940e+00	1.353940e+00	1.353940e+00	
7	1.920000e-04	1.353940e+00	1.353940e+00	1.353940e+00	
8	3.840000e-04	1.353940e+00	1.353940e+00	1.353940e+00	
9	7.680000e-04	1.353940e+00	1.353940e+00	1.353940e+00	
10	1.368000e-03	1.353940e+00	1.353940e+00	1.353940e+00	
11	1.968000e-03	1.353940e+00	1.353940e+00	1.353940e+00	
12	2.568000e-03	1.353940e+00	1.353940e+00	1.353940e+00	
13	3.168000e-03	1.353940e+00	1.353940e+00	1.353940e+00	
14	3.768000e-03	1.353940e+00	1.353940e+00	1.353940e+00	
15	4.368000e-03	1.353940e+00	1.353940e+00	1.353940e+00	
16	4.968000e-03	1.353940e+00	1.353940e+00	1.353940e+00	
17	5.568000e-03	1.353940e+00	1.353940e+00	1.353940e+00	
18	6.168000e-03	1.353940e+00	1.353940e+00	1.353940e+00	
19	6.768000e-03	1.353940e+00	1.353940e+00	1.353940e+00	
20	7.368000e-03	1.353940e+00	1.353940e+00	1.353940e+00	
21	7.968000e-03	1.353940e+00	1.353940e+00	1.353940e+00	
22	8.568000e-03	1.353940e+00	1.353940e+00	1.353940e+00	
23	9.168000e-03	1.353940e+00	1.353940e+00	1.353940e+00	
24	9.768000e-03	1.353940e+00	1.353940e+00	1.353940e+00	
25	1.036800e-02	1.353940e+00	1.353940e+00	1.353940e+00	
26	1.096800e-02	1.353940e+00	1.353940e+00	1.353940e+00	
27	1.156800e-02	1.353940e+00	1.353940e+00	1.353940e+00	
28	1.216800e-02	1.353940e+00	1.353940e+00	1.353940e+00	
29	1.276800e-02	1.353940e+00	1.353940e+00	1.353940e+00	
30	1.336800e-02	1.353940e+00	1.353940e+00	1.353940e+00	
31	1.396800e-02	1.353940e+00	1.353940e+00	1.353940e+00	
32	1.456800e-02	1.353940e+00	1.353940e+00	1.353940e+00	
33	1.516800e-02	1.353940e+00	1.353940e+00	1.353940e+00	
34	1.576800e-02	1.353940e+00	1.353940e+00	1.353940e+00	
35	1.636800e-02	1.353940e+00	1.353940e+00	1.353940e+00	
36	1.696800e-02	1.353940e+00	1.353940e+00	1.353940e+00	
37	1.756800e-02	1.353940e+00	1.353940e+00	1.353940e+00	
38	1.816800e-02	1.353940e+00	1.353940e+00	1.353940e+00	
39	1.876800e-02	1.353940e+00	1.353940e+00	1.353940e+00	
40	1.936800e-02	1.353940e+00	1.353940e+00	1.353940e+00	
41	1.996800e-02	1.353940e+00	1.353940e+00	1.353940e+00	
42	2.056800e-02	1.353940e+00	1.353940e+00	1.353940e+00	
43	2.116800e-02	1.353940e+00	1.353940e+00	1.353940e+00	
44	2.176800e-02	1.353940e+00	1.353940e+00	1.353940e+00	
45	2.236800e-02	1.353940e+00	1.353940e+00	1.353940e+00	
46	2.296800e-02	1.353940e+00	1.353940e+00	1.353940e+00	
47	2.356800e-02	1.353940e+00	1.353940e+00	1.353940e+00	
48	2.416800e-02	1.353940e+00	1.353940e+00	1.353940e+00	
49	2.476800e-02	1.353940e+00	1.353940e+00	1.353940e+00	
50	2.536800e-02	1.353940e+00	1.353940e+00	1.353940e+00	
51	2.596800e-02	1.353940e+00	1.353940e+00	1.353940e+00	
52	2.656800e-02	1.353940e+00	1.353940e+00	1.353940e+00	
53	2.716800e-02	1.353940e+00	1.353940e+00	1.353940e+00	
54	2.776800e-02	1.353940e+00	1.353940e+00	1.353940e+00	

Index   time            m.x2.xm1.msky13 m.x2.xm2.msky13 m.x2.xm2.msky13 
--------------------------------------------------------------------------------
55	2.836800e-02	1.353940e+00	1.353940e+00	1.353940e+00	
56	2.896800e-02	1.353940e+00	1.353940e+00	1.353940e+00	
57	2.956800e-02	1.353940e+00	1.353940e+00	1.353940e+00	
58	3.000000e-02	1.353940e+00	1.353940e+00	1.353940e+00	

                     * c:\users\hp\esim-workspace\cm\cm.cir
                     Transient Analysis  Fri Nov 08 22:46:08  2024
--------------------------------------------------------------------------------
Index   time            m.x2.xm2.msky13 m.x2.xm3.msky13 m.x2.xm3.msky13 
--------------------------------------------------------------------------------
0	0.000000e+00	1.353940e+00	1.800000e+00	1.800000e+00	
1	3.000000e-06	1.353940e+00	1.800000e+00	1.800000e+00	
2	6.000000e-06	1.353940e+00	1.800000e+00	1.800000e+00	
3	1.200000e-05	1.353940e+00	1.800000e+00	1.800000e+00	
4	2.400000e-05	1.353940e+00	1.800000e+00	1.800000e+00	
5	4.800000e-05	1.353940e+00	1.800000e+00	1.800000e+00	
6	9.600000e-05	1.353940e+00	1.800000e+00	1.800000e+00	
7	1.920000e-04	1.353940e+00	1.800000e+00	1.800000e+00	
8	3.840000e-04	1.353940e+00	1.800000e+00	1.800000e+00	
9	7.680000e-04	1.353940e+00	1.800000e+00	1.800000e+00	
10	1.368000e-03	1.353940e+00	1.800000e+00	1.800000e+00	
11	1.968000e-03	1.353940e+00	1.800000e+00	1.800000e+00	
12	2.568000e-03	1.353940e+00	1.800000e+00	1.800000e+00	
13	3.168000e-03	1.353940e+00	1.800000e+00	1.800000e+00	
14	3.768000e-03	1.353940e+00	1.800000e+00	1.800000e+00	
15	4.368000e-03	1.353940e+00	1.800000e+00	1.800000e+00	
16	4.968000e-03	1.353940e+00	1.800000e+00	1.800000e+00	
17	5.568000e-03	1.353940e+00	1.800000e+00	1.800000e+00	
18	6.168000e-03	1.353940e+00	1.800000e+00	1.800000e+00	
19	6.768000e-03	1.353940e+00	1.800000e+00	1.800000e+00	
20	7.368000e-03	1.353940e+00	1.800000e+00	1.800000e+00	
21	7.968000e-03	1.353940e+00	1.800000e+00	1.800000e+00	
22	8.568000e-03	1.353940e+00	1.800000e+00	1.800000e+00	
23	9.168000e-03	1.353940e+00	1.800000e+00	1.800000e+00	
24	9.768000e-03	1.353940e+00	1.800000e+00	1.800000e+00	
25	1.036800e-02	1.353940e+00	1.800000e+00	1.800000e+00	
26	1.096800e-02	1.353940e+00	1.800000e+00	1.800000e+00	
27	1.156800e-02	1.353940e+00	1.800000e+00	1.800000e+00	
28	1.216800e-02	1.353940e+00	1.800000e+00	1.800000e+00	
29	1.276800e-02	1.353940e+00	1.800000e+00	1.800000e+00	
30	1.336800e-02	1.353940e+00	1.800000e+00	1.800000e+00	
31	1.396800e-02	1.353940e+00	1.800000e+00	1.800000e+00	
32	1.456800e-02	1.353940e+00	1.800000e+00	1.800000e+00	
33	1.516800e-02	1.353940e+00	1.800000e+00	1.800000e+00	
34	1.576800e-02	1.353940e+00	1.800000e+00	1.800000e+00	
35	1.636800e-02	1.353940e+00	1.800000e+00	1.800000e+00	
36	1.696800e-02	1.353940e+00	1.800000e+00	1.800000e+00	
37	1.756800e-02	1.353940e+00	1.800000e+00	1.800000e+00	
38	1.816800e-02	1.353940e+00	1.800000e+00	1.800000e+00	
39	1.876800e-02	1.353940e+00	1.800000e+00	1.800000e+00	
40	1.936800e-02	1.353940e+00	1.800000e+00	1.800000e+00	
41	1.996800e-02	1.353940e+00	1.800000e+00	1.800000e+00	
42	2.056800e-02	1.353940e+00	1.800000e+00	1.800000e+00	
43	2.116800e-02	1.353940e+00	1.800000e+00	1.800000e+00	
44	2.176800e-02	1.353940e+00	1.800000e+00	1.800000e+00	
45	2.236800e-02	1.353940e+00	1.800000e+00	1.800000e+00	
46	2.296800e-02	1.353940e+00	1.800000e+00	1.800000e+00	
47	2.356800e-02	1.353940e+00	1.800000e+00	1.800000e+00	
48	2.416800e-02	1.353940e+00	1.800000e+00	1.800000e+00	
49	2.476800e-02	1.353940e+00	1.800000e+00	1.800000e+00	
50	2.536800e-02	1.353940e+00	1.800000e+00	1.800000e+00	
51	2.596800e-02	1.353940e+00	1.800000e+00	1.800000e+00	
52	2.656800e-02	1.353940e+00	1.800000e+00	1.800000e+00	
53	2.716800e-02	1.353940e+00	1.800000e+00	1.800000e+00	
54	2.776800e-02	1.353940e+00	1.800000e+00	1.800000e+00	

Index   time            m.x2.xm2.msky13 m.x2.xm3.msky13 m.x2.xm3.msky13 
--------------------------------------------------------------------------------
55	2.836800e-02	1.353940e+00	1.800000e+00	1.800000e+00	
56	2.896800e-02	1.353940e+00	1.800000e+00	1.800000e+00	
57	2.956800e-02	1.353940e+00	1.800000e+00	1.800000e+00	
58	3.000000e-02	1.353940e+00	1.800000e+00	1.800000e+00	

                     * c:\users\hp\esim-workspace\cm\cm.cir
                     Transient Analysis  Fri Nov 08 22:46:08  2024
--------------------------------------------------------------------------------
Index   time            m.x2.xm3.msky13 m.x2.xm4.msky13 m.x2.xm4.msky13 
--------------------------------------------------------------------------------
0	0.000000e+00	1.800000e+00	1.800000e+00	1.800000e+00	
1	3.000000e-06	1.800000e+00	1.800000e+00	1.800000e+00	
2	6.000000e-06	1.800000e+00	1.800000e+00	1.800000e+00	
3	1.200000e-05	1.800000e+00	1.800000e+00	1.800000e+00	
4	2.400000e-05	1.800000e+00	1.800000e+00	1.800000e+00	
5	4.800000e-05	1.800000e+00	1.800000e+00	1.800000e+00	
6	9.600000e-05	1.800000e+00	1.800000e+00	1.800000e+00	
7	1.920000e-04	1.800000e+00	1.800000e+00	1.800000e+00	
8	3.840000e-04	1.800000e+00	1.800000e+00	1.800000e+00	
9	7.680000e-04	1.800000e+00	1.800000e+00	1.800000e+00	
10	1.368000e-03	1.800000e+00	1.800000e+00	1.800000e+00	
11	1.968000e-03	1.800000e+00	1.800000e+00	1.800000e+00	
12	2.568000e-03	1.800000e+00	1.800000e+00	1.800000e+00	
13	3.168000e-03	1.800000e+00	1.800000e+00	1.800000e+00	
14	3.768000e-03	1.800000e+00	1.800000e+00	1.800000e+00	
15	4.368000e-03	1.800000e+00	1.800000e+00	1.800000e+00	
16	4.968000e-03	1.800000e+00	1.800000e+00	1.800000e+00	
17	5.568000e-03	1.800000e+00	1.800000e+00	1.800000e+00	
18	6.168000e-03	1.800000e+00	1.800000e+00	1.800000e+00	
19	6.768000e-03	1.800000e+00	1.800000e+00	1.800000e+00	
20	7.368000e-03	1.800000e+00	1.800000e+00	1.800000e+00	
21	7.968000e-03	1.800000e+00	1.800000e+00	1.800000e+00	
22	8.568000e-03	1.800000e+00	1.800000e+00	1.800000e+00	
23	9.168000e-03	1.800000e+00	1.800000e+00	1.800000e+00	
24	9.768000e-03	1.800000e+00	1.800000e+00	1.800000e+00	
25	1.036800e-02	1.800000e+00	1.800000e+00	1.800000e+00	
26	1.096800e-02	1.800000e+00	1.800000e+00	1.800000e+00	
27	1.156800e-02	1.800000e+00	1.800000e+00	1.800000e+00	
28	1.216800e-02	1.800000e+00	1.800000e+00	1.800000e+00	
29	1.276800e-02	1.800000e+00	1.800000e+00	1.800000e+00	
30	1.336800e-02	1.800000e+00	1.800000e+00	1.800000e+00	
31	1.396800e-02	1.800000e+00	1.800000e+00	1.800000e+00	
32	1.456800e-02	1.800000e+00	1.800000e+00	1.800000e+00	
33	1.516800e-02	1.800000e+00	1.800000e+00	1.800000e+00	
34	1.576800e-02	1.800000e+00	1.800000e+00	1.800000e+00	
35	1.636800e-02	1.800000e+00	1.800000e+00	1.800000e+00	
36	1.696800e-02	1.800000e+00	1.800000e+00	1.800000e+00	
37	1.756800e-02	1.800000e+00	1.800000e+00	1.800000e+00	
38	1.816800e-02	1.800000e+00	1.800000e+00	1.800000e+00	
39	1.876800e-02	1.800000e+00	1.800000e+00	1.800000e+00	
40	1.936800e-02	1.800000e+00	1.800000e+00	1.800000e+00	
41	1.996800e-02	1.800000e+00	1.800000e+00	1.800000e+00	
42	2.056800e-02	1.800000e+00	1.800000e+00	1.800000e+00	
43	2.116800e-02	1.800000e+00	1.800000e+00	1.800000e+00	
44	2.176800e-02	1.800000e+00	1.800000e+00	1.800000e+00	
45	2.236800e-02	1.800000e+00	1.800000e+00	1.800000e+00	
46	2.296800e-02	1.800000e+00	1.800000e+00	1.800000e+00	
47	2.356800e-02	1.800000e+00	1.800000e+00	1.800000e+00	
48	2.416800e-02	1.800000e+00	1.800000e+00	1.800000e+00	
49	2.476800e-02	1.800000e+00	1.800000e+00	1.800000e+00	
50	2.536800e-02	1.800000e+00	1.800000e+00	1.800000e+00	
51	2.596800e-02	1.800000e+00	1.800000e+00	1.800000e+00	
52	2.656800e-02	1.800000e+00	1.800000e+00	1.800000e+00	
53	2.716800e-02	1.800000e+00	1.800000e+00	1.800000e+00	
54	2.776800e-02	1.800000e+00	1.800000e+00	1.800000e+00	

Index   time            m.x2.xm3.msky13 m.x2.xm4.msky13 m.x2.xm4.msky13 
--------------------------------------------------------------------------------
55	2.836800e-02	1.800000e+00	1.800000e+00	1.800000e+00	
56	2.896800e-02	1.800000e+00	1.800000e+00	1.800000e+00	
57	2.956800e-02	1.800000e+00	1.800000e+00	1.800000e+00	
58	3.000000e-02	1.800000e+00	1.800000e+00	1.800000e+00	

                     * c:\users\hp\esim-workspace\cm\cm.cir
                     Transient Analysis  Fri Nov 08 22:46:08  2024
--------------------------------------------------------------------------------
Index   time            m.x2.xm4.msky13 m.x2.xm5.msky13 m.x2.xm5.msky13 
--------------------------------------------------------------------------------
0	0.000000e+00	1.800000e+00	1.705081e-11	4.262391e-11	
1	3.000000e-06	1.800000e+00	1.705080e-11	4.262388e-11	
2	6.000000e-06	1.800000e+00	1.705079e-11	4.262387e-11	
3	1.200000e-05	1.800000e+00	1.705081e-11	4.262389e-11	
4	2.400000e-05	1.800000e+00	1.705083e-11	4.262391e-11	
5	4.800000e-05	1.800000e+00	1.705080e-11	4.262388e-11	
6	9.600000e-05	1.800000e+00	1.705083e-11	4.262390e-11	
7	1.920000e-04	1.800000e+00	1.705084e-11	4.262392e-11	
8	3.840000e-04	1.800000e+00	1.705084e-11	4.262391e-11	
9	7.680000e-04	1.800000e+00	1.705086e-11	4.262393e-11	
10	1.368000e-03	1.800000e+00	1.705085e-11	4.262394e-11	
11	1.968000e-03	1.800000e+00	1.705082e-11	4.262391e-11	
12	2.568000e-03	1.800000e+00	1.705082e-11	4.262392e-11	
13	3.168000e-03	1.800000e+00	1.705082e-11	4.262391e-11	
14	3.768000e-03	1.800000e+00	1.705082e-11	4.262391e-11	
15	4.368000e-03	1.800000e+00	1.705082e-11	4.262392e-11	
16	4.968000e-03	1.800000e+00	1.705082e-11	4.262391e-11	
17	5.568000e-03	1.800000e+00	1.705083e-11	4.262392e-11	
18	6.168000e-03	1.800000e+00	1.705082e-11	4.262392e-11	
19	6.768000e-03	1.800000e+00	1.705079e-11	4.262390e-11	
20	7.368000e-03	1.800000e+00	1.705078e-11	4.262390e-11	
21	7.968000e-03	1.800000e+00	1.705080e-11	4.262390e-11	
22	8.568000e-03	1.800000e+00	1.705082e-11	4.262391e-11	
23	9.168000e-03	1.800000e+00	1.705081e-11	4.262391e-11	
24	9.768000e-03	1.800000e+00	1.705081e-11	4.262391e-11	
25	1.036800e-02	1.800000e+00	1.705081e-11	4.262391e-11	
26	1.096800e-02	1.800000e+00	1.705080e-11	4.262390e-11	
27	1.156800e-02	1.800000e+00	1.705081e-11	4.262391e-11	
28	1.216800e-02	1.800000e+00	1.705080e-11	4.262390e-11	
29	1.276800e-02	1.800000e+00	1.705080e-11	4.262391e-11	
30	1.336800e-02	1.800000e+00	1.705079e-11	4.262389e-11	
31	1.396800e-02	1.800000e+00	1.705081e-11	4.262391e-11	
32	1.456800e-02	1.800000e+00	1.705080e-11	4.262391e-11	
33	1.516800e-02	1.800000e+00	1.705079e-11	4.262390e-11	
34	1.576800e-02	1.800000e+00	1.705081e-11	4.262392e-11	
35	1.636800e-02	1.800000e+00	1.705080e-11	4.262390e-11	
36	1.696800e-02	1.800000e+00	1.705082e-11	4.262391e-11	
37	1.756800e-02	1.800000e+00	1.705082e-11	4.262392e-11	
38	1.816800e-02	1.800000e+00	1.705080e-11	4.262391e-11	
39	1.876800e-02	1.800000e+00	1.705079e-11	4.262390e-11	
40	1.936800e-02	1.800000e+00	1.705079e-11	4.262390e-11	
41	1.996800e-02	1.800000e+00	1.705080e-11	4.262390e-11	
42	2.056800e-02	1.800000e+00	1.705081e-11	4.262391e-11	
43	2.116800e-02	1.800000e+00	1.705082e-11	4.262391e-11	
44	2.176800e-02	1.800000e+00	1.705081e-11	4.262391e-11	
45	2.236800e-02	1.800000e+00	1.705081e-11	4.262391e-11	
46	2.296800e-02	1.800000e+00	1.705082e-11	4.262392e-11	
47	2.356800e-02	1.800000e+00	1.705080e-11	4.262390e-11	
48	2.416800e-02	1.800000e+00	1.705082e-11	4.262392e-11	
49	2.476800e-02	1.800000e+00	1.705082e-11	4.262391e-11	
50	2.536800e-02	1.800000e+00	1.705083e-11	4.262392e-11	
51	2.596800e-02	1.800000e+00	1.705082e-11	4.262393e-11	
52	2.656800e-02	1.800000e+00	1.705079e-11	4.262390e-11	
53	2.716800e-02	1.800000e+00	1.705081e-11	4.262390e-11	
54	2.776800e-02	1.800000e+00	1.705082e-11	4.262392e-11	

Index   time            m.x2.xm4.msky13 m.x2.xm5.msky13 m.x2.xm5.msky13 
--------------------------------------------------------------------------------
55	2.836800e-02	1.800000e+00	1.705080e-11	4.262390e-11	
56	2.896800e-02	1.800000e+00	1.705081e-11	4.262392e-11	
57	2.956800e-02	1.800000e+00	1.705080e-11	4.262391e-11	
58	3.000000e-02	1.800000e+00	1.705080e-11	4.262390e-11	

                     * c:\users\hp\esim-workspace\cm\cm.cir
                     Transient Analysis  Fri Nov 08 22:46:08  2024
--------------------------------------------------------------------------------
Index   time            m.x2.xm5.msky13 m.x2.xm6.msky13 m.x2.xm6.msky13 
--------------------------------------------------------------------------------
0	0.000000e+00	8.525405e-12	4.786679e-30	1.196670e-29	
1	3.000000e-06	8.525398e-12	-4.92389e-19	-2.96386e-19	
2	6.000000e-06	8.525395e-12	-2.76675e-18	-1.66007e-18	
3	1.200000e-05	8.525405e-12	5.874742e-18	3.523435e-18	
4	2.400000e-05	8.525414e-12	1.471081e-17	8.870470e-18	
5	4.800000e-05	8.525399e-12	6.111003e-19	3.725429e-19	
6	9.600000e-05	8.525413e-12	1.608447e-17	9.727855e-18	
7	1.920000e-04	8.525421e-12	1.988636e-17	1.208373e-17	
8	3.840000e-04	8.525420e-12	2.310211e-17	1.425775e-17	
9	7.680000e-04	8.525431e-12	3.044555e-17	1.918914e-17	
10	1.368000e-03	8.525424e-12	2.259434e-17	1.530392e-17	
11	1.968000e-03	8.525408e-12	4.985310e-18	5.088701e-18	
12	2.568000e-03	8.525411e-12	9.051406e-18	7.743625e-18	
13	3.168000e-03	8.525409e-12	6.181659e-18	6.194929e-18	
14	3.768000e-03	8.525412e-12	1.135552e-17	9.564959e-18	
15	4.368000e-03	8.525411e-12	7.703198e-18	7.598104e-18	
16	4.968000e-03	8.525408e-12	7.903163e-18	7.936653e-18	
17	5.568000e-03	8.525413e-12	1.094247e-17	9.985903e-18	
18	6.168000e-03	8.525408e-12	4.633596e-18	6.399874e-18	
19	6.768000e-03	8.525395e-12	-1.18071e-17	-3.68836e-18	
20	7.368000e-03	8.525392e-12	-1.24332e-17	-4.47886e-18	
21	7.968000e-03	8.525398e-12	-5.35710e-18	-5.71590e-19	
22	8.568000e-03	8.525408e-12	5.635304e-18	6.026498e-18	
23	9.168000e-03	8.525404e-12	1.300908e-19	2.737877e-18	
24	9.768000e-03	8.525403e-12	1.989455e-19	2.763109e-18	
25	1.036800e-02	8.525404e-12	-1.42234e-18	1.702086e-18	
26	1.096800e-02	8.525399e-12	-3.16656e-18	5.608583e-19	
27	1.156800e-02	8.525404e-12	-1.95331e-18	1.147445e-18	
28	1.216800e-02	8.525401e-12	-2.44051e-18	7.696001e-19	
29	1.276800e-02	8.525400e-12	-7.71427e-18	-2.62268e-18	
30	1.336800e-02	8.525394e-12	-8.89937e-18	-3.60699e-18	
31	1.396800e-02	8.525406e-12	-2.23212e-19	1.419718e-18	
32	1.456800e-02	8.525399e-12	-6.13272e-18	-2.23919e-18	
33	1.516800e-02	8.525397e-12	-9.22910e-18	-4.38979e-18	
34	1.576800e-02	8.525404e-12	-7.32632e-19	5.704037e-19	
35	1.636800e-02	8.525398e-12	-6.91285e-18	-3.30777e-18	
36	1.696800e-02	8.525409e-12	6.895045e-18	5.009690e-18	
37	1.756800e-02	8.525409e-12	4.270488e-18	3.568512e-18	
38	1.816800e-02	8.525402e-12	-3.01361e-18	-7.89118e-19	
39	1.876800e-02	8.525394e-12	-1.41497e-17	-7.79898e-18	
40	1.936800e-02	8.525395e-12	-1.06090e-17	-6.04557e-18	
41	1.996800e-02	8.525400e-12	-6.85442e-18	-4.08665e-18	
42	2.056800e-02	8.525407e-12	3.248463e-18	1.971741e-18	
43	2.116800e-02	8.525408e-12	1.521566e-18	9.890045e-19	
44	2.176800e-02	8.525406e-12	2.430206e-18	1.642322e-18	
45	2.236800e-02	8.525407e-12	2.655204e-18	1.831889e-18	
46	2.296800e-02	8.525409e-12	4.141589e-18	2.851569e-18	
47	2.356800e-02	8.525402e-12	-3.11432e-18	-1.52725e-18	
48	2.416800e-02	8.525411e-12	7.734056e-18	5.090267e-18	
49	2.476800e-02	8.525410e-12	7.154215e-18	4.944898e-18	
50	2.536800e-02	8.525417e-12	1.580050e-17	1.051976e-17	
51	2.596800e-02	8.525411e-12	4.193067e-18	3.808758e-18	
52	2.656800e-02	8.525394e-12	-1.04908e-17	-5.12502e-18	
53	2.716800e-02	8.525403e-12	-2.06400e-18	-2.92886e-19	
54	2.776800e-02	8.525409e-12	4.408824e-18	3.645932e-18	

Index   time            m.x2.xm5.msky13 m.x2.xm6.msky13 m.x2.xm6.msky13 
--------------------------------------------------------------------------------
55	2.836800e-02	8.525400e-12	-4.92441e-18	-2.01761e-18	
56	2.896800e-02	8.525407e-12	3.372910e-18	2.958140e-18	
57	2.956800e-02	8.525401e-12	-6.67333e-18	-3.17705e-18	
58	3.000000e-02	8.525398e-12	-5.88085e-18	-2.82953e-18	

                     * c:\users\hp\esim-workspace\cm\cm.cir
                     Transient Analysis  Fri Nov 08 22:46:08  2024
--------------------------------------------------------------------------------
Index   time            m.x2.xm6.msky13 m.x2.xm7.msky13 m.x2.xm7.msky13 
--------------------------------------------------------------------------------
0	0.000000e+00	2.393339e-30	1.800000e+00	1.800000e+00	
1	3.000000e-06	-2.46195e-19	1.800000e+00	1.800000e+00	
2	6.000000e-06	-1.38338e-18	1.800000e+00	1.800000e+00	
3	1.200000e-05	2.937371e-18	1.800000e+00	1.800000e+00	
4	2.400000e-05	7.355407e-18	1.800000e+00	1.800000e+00	
5	4.800000e-05	3.055502e-19	1.800000e+00	1.800000e+00	
6	9.600000e-05	8.042233e-18	1.800000e+00	1.800000e+00	
7	1.920000e-04	9.943182e-18	1.800000e+00	1.800000e+00	
8	3.840000e-04	1.155106e-17	1.800000e+00	1.800000e+00	
9	7.680000e-04	1.522278e-17	1.800000e+00	1.800000e+00	
10	1.368000e-03	1.129717e-17	1.800000e+00	1.800000e+00	
11	1.968000e-03	2.492655e-18	1.800000e+00	1.800000e+00	
12	2.568000e-03	4.525703e-18	1.800000e+00	1.800000e+00	
13	3.168000e-03	3.090829e-18	1.800000e+00	1.800000e+00	
14	3.768000e-03	5.677759e-18	1.800000e+00	1.800000e+00	
15	4.368000e-03	3.851599e-18	1.800000e+00	1.800000e+00	
16	4.968000e-03	3.951582e-18	1.800000e+00	1.800000e+00	
17	5.568000e-03	5.471235e-18	1.800000e+00	1.800000e+00	
18	6.168000e-03	2.316798e-18	1.800000e+00	1.800000e+00	
19	6.768000e-03	-5.90355e-18	1.800000e+00	1.800000e+00	
20	7.368000e-03	-6.21660e-18	1.800000e+00	1.800000e+00	
21	7.968000e-03	-2.67855e-18	1.800000e+00	1.800000e+00	
22	8.568000e-03	2.817652e-18	1.800000e+00	1.800000e+00	
23	9.168000e-03	6.504543e-20	1.800000e+00	1.800000e+00	
24	9.768000e-03	9.947270e-20	1.800000e+00	1.800000e+00	
25	1.036800e-02	-7.11168e-19	1.800000e+00	1.800000e+00	
26	1.096800e-02	-1.58328e-18	1.800000e+00	1.800000e+00	
27	1.156800e-02	-9.76654e-19	1.800000e+00	1.800000e+00	
28	1.216800e-02	-1.22026e-18	1.800000e+00	1.800000e+00	
29	1.276800e-02	-3.85714e-18	1.800000e+00	1.800000e+00	
30	1.336800e-02	-4.44968e-18	1.800000e+00	1.800000e+00	
31	1.396800e-02	-1.11606e-19	1.800000e+00	1.800000e+00	
32	1.456800e-02	-3.06636e-18	1.800000e+00	1.800000e+00	
33	1.516800e-02	-4.61455e-18	1.800000e+00	1.800000e+00	
34	1.576800e-02	-3.66316e-19	1.800000e+00	1.800000e+00	
35	1.636800e-02	-3.45642e-18	1.800000e+00	1.800000e+00	
36	1.696800e-02	3.447523e-18	1.800000e+00	1.800000e+00	
37	1.756800e-02	2.135244e-18	1.800000e+00	1.800000e+00	
38	1.816800e-02	-1.50681e-18	1.800000e+00	1.800000e+00	
39	1.876800e-02	-7.07484e-18	1.800000e+00	1.800000e+00	
40	1.936800e-02	-5.30451e-18	1.800000e+00	1.800000e+00	
41	1.996800e-02	-3.42721e-18	1.800000e+00	1.800000e+00	
42	2.056800e-02	1.624232e-18	1.800000e+00	1.800000e+00	
43	2.116800e-02	7.607833e-19	1.800000e+00	1.800000e+00	
44	2.176800e-02	1.215103e-18	1.800000e+00	1.800000e+00	
45	2.236800e-02	1.327602e-18	1.800000e+00	1.800000e+00	
46	2.296800e-02	2.070794e-18	1.800000e+00	1.800000e+00	
47	2.356800e-02	-1.55716e-18	1.800000e+00	1.800000e+00	
48	2.416800e-02	3.867028e-18	1.800000e+00	1.800000e+00	
49	2.476800e-02	3.577107e-18	1.800000e+00	1.800000e+00	
50	2.536800e-02	7.900250e-18	1.800000e+00	1.800000e+00	
51	2.596800e-02	2.096534e-18	1.800000e+00	1.800000e+00	
52	2.656800e-02	-5.24541e-18	1.800000e+00	1.800000e+00	
53	2.716800e-02	-1.03200e-18	1.800000e+00	1.800000e+00	
54	2.776800e-02	2.204412e-18	1.800000e+00	1.800000e+00	

Index   time            m.x2.xm6.msky13 m.x2.xm7.msky13 m.x2.xm7.msky13 
--------------------------------------------------------------------------------
55	2.836800e-02	-2.46220e-18	1.800000e+00	1.800000e+00	
56	2.896800e-02	1.686455e-18	1.800000e+00	1.800000e+00	
57	2.956800e-02	-3.33666e-18	1.800000e+00	1.800000e+00	
58	3.000000e-02	-2.94042e-18	1.800000e+00	1.800000e+00	

                     * c:\users\hp\esim-workspace\cm\cm.cir
                     Transient Analysis  Fri Nov 08 22:46:08  2024
--------------------------------------------------------------------------------
Index   time            m.x2.xm7.msky13 m.x2.xm8.msky13 m.x2.xm8.msky13 
--------------------------------------------------------------------------------
0	0.000000e+00	1.800000e+00	2.075214e-11	5.178292e-11	
1	3.000000e-06	1.800000e+00	2.075214e-11	5.178295e-11	
2	6.000000e-06	1.800000e+00	2.075213e-11	5.178293e-11	
3	1.200000e-05	1.800000e+00	2.075220e-11	5.178300e-11	
4	2.400000e-05	1.800000e+00	2.075224e-11	5.178305e-11	
5	4.800000e-05	1.800000e+00	2.075216e-11	5.178297e-11	
6	9.600000e-05	1.800000e+00	2.075226e-11	5.178307e-11	
7	1.920000e-04	1.800000e+00	2.075230e-11	5.178310e-11	
8	3.840000e-04	1.800000e+00	2.075231e-11	5.178313e-11	
9	7.680000e-04	1.800000e+00	2.075238e-11	5.178320e-11	
10	1.368000e-03	1.800000e+00	2.075231e-11	5.178313e-11	
11	1.968000e-03	1.800000e+00	2.075220e-11	5.178303e-11	
12	2.568000e-03	1.800000e+00	2.075222e-11	5.178305e-11	
13	3.168000e-03	1.800000e+00	2.075221e-11	5.178305e-11	
14	3.768000e-03	1.800000e+00	2.075224e-11	5.178309e-11	
15	4.368000e-03	1.800000e+00	2.075223e-11	5.178308e-11	
16	4.968000e-03	1.800000e+00	2.075222e-11	5.178308e-11	
17	5.568000e-03	1.800000e+00	2.075226e-11	5.178312e-11	
18	6.168000e-03	1.800000e+00	2.075220e-11	5.178305e-11	
19	6.768000e-03	1.800000e+00	2.075209e-11	5.178294e-11	
20	7.368000e-03	1.800000e+00	2.075207e-11	5.178291e-11	
21	7.968000e-03	1.800000e+00	2.075214e-11	5.178299e-11	
22	8.568000e-03	1.800000e+00	2.075221e-11	5.178306e-11	
23	9.168000e-03	1.800000e+00	2.075218e-11	5.178304e-11	
24	9.768000e-03	1.800000e+00	2.075217e-11	5.178302e-11	
25	1.036800e-02	1.800000e+00	2.075217e-11	5.178302e-11	
26	1.096800e-02	1.800000e+00	2.075214e-11	5.178300e-11	
27	1.156800e-02	1.800000e+00	2.075217e-11	5.178302e-11	
28	1.216800e-02	1.800000e+00	2.075215e-11	5.178300e-11	
29	1.276800e-02	1.800000e+00	2.075212e-11	5.178296e-11	
30	1.336800e-02	1.800000e+00	2.075210e-11	5.178295e-11	
31	1.396800e-02	1.800000e+00	2.075218e-11	5.178302e-11	
32	1.456800e-02	1.800000e+00	2.075212e-11	5.178296e-11	
33	1.516800e-02	1.800000e+00	2.075211e-11	5.178295e-11	
34	1.576800e-02	1.800000e+00	2.075215e-11	5.178299e-11	
35	1.636800e-02	1.800000e+00	2.075213e-11	5.178297e-11	
36	1.696800e-02	1.800000e+00	2.075221e-11	5.178306e-11	
37	1.756800e-02	1.800000e+00	2.075221e-11	5.178305e-11	
38	1.816800e-02	1.800000e+00	2.075214e-11	5.178298e-11	
39	1.876800e-02	1.800000e+00	2.075207e-11	5.178290e-11	
40	1.936800e-02	1.800000e+00	2.075208e-11	5.178290e-11	
41	1.996800e-02	1.800000e+00	2.075213e-11	5.178295e-11	
42	2.056800e-02	1.800000e+00	2.075218e-11	5.178301e-11	
43	2.116800e-02	1.800000e+00	2.075219e-11	5.178302e-11	
44	2.176800e-02	1.800000e+00	2.075218e-11	5.178301e-11	
45	2.236800e-02	1.800000e+00	2.075219e-11	5.178303e-11	
46	2.296800e-02	1.800000e+00	2.075219e-11	5.178302e-11	
47	2.356800e-02	1.800000e+00	2.075215e-11	5.178299e-11	
48	2.416800e-02	1.800000e+00	2.075222e-11	5.178306e-11	
49	2.476800e-02	1.800000e+00	2.075223e-11	5.178308e-11	
50	2.536800e-02	1.800000e+00	2.075229e-11	5.178314e-11	
51	2.596800e-02	1.800000e+00	2.075221e-11	5.178306e-11	
52	2.656800e-02	1.800000e+00	2.075209e-11	5.178293e-11	
53	2.716800e-02	1.800000e+00	2.075217e-11	5.178302e-11	
54	2.776800e-02	1.800000e+00	2.075220e-11	5.178305e-11	

Index   time            m.x2.xm7.msky13 m.x2.xm8.msky13 m.x2.xm8.msky13 
--------------------------------------------------------------------------------
55	2.836800e-02	1.800000e+00	2.075215e-11	5.178300e-11	
56	2.896800e-02	1.800000e+00	2.075219e-11	5.178304e-11	
57	2.956800e-02	1.800000e+00	2.075213e-11	5.178297e-11	
58	3.000000e-02	1.800000e+00	2.075212e-11	5.178297e-11	

                     * c:\users\hp\esim-workspace\cm\cm.cir
                     Transient Analysis  Fri Nov 08 22:46:08  2024
--------------------------------------------------------------------------------
Index   time            m.x2.xm8.msky13 m.xsc1.msky130_ m.xsc1.msky130_ 
--------------------------------------------------------------------------------
0	0.000000e+00	1.037607e-11	-1.01530e-03	-2.53825e-03	
1	3.000000e-06	1.037607e-11	-1.01530e-03	-2.53825e-03	
2	6.000000e-06	1.037606e-11	-1.01530e-03	-2.53825e-03	
3	1.200000e-05	1.037610e-11	-1.01530e-03	-2.53825e-03	
4	2.400000e-05	1.037612e-11	-1.01530e-03	-2.53825e-03	
5	4.800000e-05	1.037608e-11	-1.01530e-03	-2.53825e-03	
6	9.600000e-05	1.037613e-11	-1.01530e-03	-2.53825e-03	
7	1.920000e-04	1.037615e-11	-1.01530e-03	-2.53825e-03	
8	3.840000e-04	1.037616e-11	-1.01530e-03	-2.53825e-03	
9	7.680000e-04	1.037619e-11	-1.01530e-03	-2.53825e-03	
10	1.368000e-03	1.037615e-11	-1.01530e-03	-2.53825e-03	
11	1.968000e-03	1.037610e-11	-1.01530e-03	-2.53825e-03	
12	2.568000e-03	1.037611e-11	-1.01530e-03	-2.53825e-03	
13	3.168000e-03	1.037611e-11	-1.01530e-03	-2.53825e-03	
14	3.768000e-03	1.037612e-11	-1.01530e-03	-2.53825e-03	
15	4.368000e-03	1.037611e-11	-1.01530e-03	-2.53825e-03	
16	4.968000e-03	1.037611e-11	-1.01530e-03	-2.53825e-03	
17	5.568000e-03	1.037613e-11	-1.01530e-03	-2.53825e-03	
18	6.168000e-03	1.037610e-11	-1.01530e-03	-2.53825e-03	
19	6.768000e-03	1.037604e-11	-1.01530e-03	-2.53825e-03	
20	7.368000e-03	1.037604e-11	-1.01530e-03	-2.53825e-03	
21	7.968000e-03	1.037607e-11	-1.01530e-03	-2.53825e-03	
22	8.568000e-03	1.037610e-11	-1.01530e-03	-2.53825e-03	
23	9.168000e-03	1.037609e-11	-1.01530e-03	-2.53825e-03	
24	9.768000e-03	1.037608e-11	-1.01530e-03	-2.53825e-03	
25	1.036800e-02	1.037608e-11	-1.01530e-03	-2.53825e-03	
26	1.096800e-02	1.037607e-11	-1.01530e-03	-2.53825e-03	
27	1.156800e-02	1.037608e-11	-1.01530e-03	-2.53825e-03	
28	1.216800e-02	1.037607e-11	-1.01530e-03	-2.53825e-03	
29	1.276800e-02	1.037606e-11	-1.01530e-03	-2.53825e-03	
30	1.336800e-02	1.037605e-11	-1.01530e-03	-2.53825e-03	
31	1.396800e-02	1.037609e-11	-1.01530e-03	-2.53825e-03	
32	1.456800e-02	1.037606e-11	-1.01530e-03	-2.53825e-03	
33	1.516800e-02	1.037605e-11	-1.01530e-03	-2.53825e-03	
34	1.576800e-02	1.037608e-11	-1.01530e-03	-2.53825e-03	
35	1.636800e-02	1.037606e-11	-1.01530e-03	-2.53825e-03	
36	1.696800e-02	1.037611e-11	-1.01530e-03	-2.53825e-03	
37	1.756800e-02	1.037610e-11	-1.01530e-03	-2.53825e-03	
38	1.816800e-02	1.037607e-11	-1.01530e-03	-2.53825e-03	
39	1.876800e-02	1.037603e-11	-1.01530e-03	-2.53825e-03	
40	1.936800e-02	1.037604e-11	-1.01530e-03	-2.53825e-03	
41	1.996800e-02	1.037606e-11	-1.01530e-03	-2.53825e-03	
42	2.056800e-02	1.037609e-11	-1.01530e-03	-2.53825e-03	
43	2.116800e-02	1.037610e-11	-1.01530e-03	-2.53825e-03	
44	2.176800e-02	1.037609e-11	-1.01530e-03	-2.53825e-03	
45	2.236800e-02	1.037610e-11	-1.01530e-03	-2.53825e-03	
46	2.296800e-02	1.037609e-11	-1.01530e-03	-2.53825e-03	
47	2.356800e-02	1.037608e-11	-1.01530e-03	-2.53825e-03	
48	2.416800e-02	1.037611e-11	-1.01530e-03	-2.53825e-03	
49	2.476800e-02	1.037612e-11	-1.01530e-03	-2.53825e-03	
50	2.536800e-02	1.037614e-11	-1.01530e-03	-2.53825e-03	
51	2.596800e-02	1.037610e-11	-1.01530e-03	-2.53825e-03	
52	2.656800e-02	1.037605e-11	-1.01530e-03	-2.53825e-03	
53	2.716800e-02	1.037608e-11	-1.01530e-03	-2.53825e-03	
54	2.776800e-02	1.037610e-11	-1.01530e-03	-2.53825e-03	

Index   time            m.x2.xm8.msky13 m.xsc1.msky130_ m.xsc1.msky130_ 
--------------------------------------------------------------------------------
55	2.836800e-02	1.037607e-11	-1.01530e-03	-2.53825e-03	
56	2.896800e-02	1.037610e-11	-1.01530e-03	-2.53825e-03	
57	2.956800e-02	1.037607e-11	-1.01530e-03	-2.53825e-03	
58	3.000000e-02	1.037606e-11	-1.01530e-03	-2.53825e-03	

                     * c:\users\hp\esim-workspace\cm\cm.cir
                     Transient Analysis  Fri Nov 08 22:46:08  2024
--------------------------------------------------------------------------------
Index   time            m.xsc1.msky130_ m.xsc2.msky130_ m.xsc2.msky130_ 
--------------------------------------------------------------------------------
0	0.000000e+00	-5.07651e-04	1.902245e-11	4.755593e-11	
1	3.000000e-06	-5.07651e-04	1.902245e-11	4.755592e-11	
2	6.000000e-06	-5.07651e-04	1.902245e-11	4.755592e-11	
3	1.200000e-05	-5.07651e-04	1.902245e-11	4.755593e-11	
4	2.400000e-05	-5.07651e-04	1.902245e-11	4.755594e-11	
5	4.800000e-05	-5.07651e-04	1.902245e-11	4.755592e-11	
6	9.600000e-05	-5.07651e-04	1.902245e-11	4.755593e-11	
7	1.920000e-04	-5.07651e-04	1.902245e-11	4.755594e-11	
8	3.840000e-04	-5.07651e-04	1.902245e-11	4.755594e-11	
9	7.680000e-04	-5.07651e-04	1.902245e-11	4.755593e-11	
10	1.368000e-03	-5.07651e-04	1.902246e-11	4.755595e-11	
11	1.968000e-03	-5.07651e-04	1.902246e-11	4.755597e-11	
12	2.568000e-03	-5.07651e-04	1.902247e-11	4.755597e-11	
13	3.168000e-03	-5.07651e-04	1.902247e-11	4.755598e-11	
14	3.768000e-03	-5.07651e-04	1.902247e-11	4.755598e-11	
15	4.368000e-03	-5.07651e-04	1.902247e-11	4.755599e-11	
16	4.968000e-03	-5.07651e-04	1.902247e-11	4.755599e-11	
17	5.568000e-03	-5.07651e-04	1.902248e-11	4.755600e-11	
18	6.168000e-03	-5.07651e-04	1.902248e-11	4.755601e-11	
19	6.768000e-03	-5.07651e-04	1.902248e-11	4.755601e-11	
20	7.368000e-03	-5.07651e-04	1.902248e-11	4.755600e-11	
21	7.968000e-03	-5.07651e-04	1.902248e-11	4.755599e-11	
22	8.568000e-03	-5.07651e-04	1.902247e-11	4.755599e-11	
23	9.168000e-03	-5.07651e-04	1.902248e-11	4.755600e-11	
24	9.768000e-03	-5.07651e-04	1.902248e-11	4.755600e-11	
25	1.036800e-02	-5.07651e-04	1.902248e-11	4.755601e-11	
26	1.096800e-02	-5.07651e-04	1.902248e-11	4.755602e-11	
27	1.156800e-02	-5.07651e-04	1.902248e-11	4.755601e-11	
28	1.216800e-02	-5.07651e-04	1.902249e-11	4.755602e-11	
29	1.276800e-02	-5.07651e-04	1.902249e-11	4.755602e-11	
30	1.336800e-02	-5.07651e-04	1.902248e-11	4.755601e-11	
31	1.396800e-02	-5.07651e-04	1.902248e-11	4.755601e-11	
32	1.456800e-02	-5.07651e-04	1.902248e-11	4.755602e-11	
33	1.516800e-02	-5.07651e-04	1.902248e-11	4.755600e-11	
34	1.576800e-02	-5.07651e-04	1.902248e-11	4.755601e-11	
35	1.636800e-02	-5.07651e-04	1.902248e-11	4.755600e-11	
36	1.696800e-02	-5.07651e-04	1.902248e-11	4.755600e-11	
37	1.756800e-02	-5.07651e-04	1.902248e-11	4.755601e-11	
38	1.816800e-02	-5.07651e-04	1.902249e-11	4.755602e-11	
39	1.876800e-02	-5.07651e-04	1.902248e-11	4.755601e-11	
40	1.936800e-02	-5.07651e-04	1.902248e-11	4.755600e-11	
41	1.996800e-02	-5.07651e-04	1.902248e-11	4.755600e-11	
42	2.056800e-02	-5.07651e-04	1.902248e-11	4.755600e-11	
43	2.116800e-02	-5.07651e-04	1.902248e-11	4.755600e-11	
44	2.176800e-02	-5.07651e-04	1.902248e-11	4.755599e-11	
45	2.236800e-02	-5.07651e-04	1.902248e-11	4.755599e-11	
46	2.296800e-02	-5.07651e-04	1.902248e-11	4.755601e-11	
47	2.356800e-02	-5.07651e-04	1.902248e-11	4.755600e-11	
48	2.416800e-02	-5.07651e-04	1.902248e-11	4.755600e-11	
49	2.476800e-02	-5.07651e-04	1.902248e-11	4.755600e-11	
50	2.536800e-02	-5.07651e-04	1.902248e-11	4.755601e-11	
51	2.596800e-02	-5.07651e-04	1.902249e-11	4.755603e-11	
52	2.656800e-02	-5.07651e-04	1.902249e-11	4.755602e-11	
53	2.716800e-02	-5.07651e-04	1.902248e-11	4.755601e-11	
54	2.776800e-02	-5.07651e-04	1.902249e-11	4.755602e-11	

Index   time            m.xsc1.msky130_ m.xsc2.msky130_ m.xsc2.msky130_ 
--------------------------------------------------------------------------------
55	2.836800e-02	-5.07651e-04	1.902248e-11	4.755602e-11	
56	2.896800e-02	-5.07651e-04	1.902249e-11	4.755602e-11	
57	2.956800e-02	-5.07651e-04	1.902248e-11	4.755601e-11	
58	3.000000e-02	-5.07651e-04	1.902248e-11	4.755601e-11	

                     * c:\users\hp\esim-workspace\cm\cm.cir
                     Transient Analysis  Fri Nov 08 22:46:08  2024
--------------------------------------------------------------------------------
Index   time            m.xsc2.msky130_ m.xsc3.msky130_ m.xsc3.msky130_ 
--------------------------------------------------------------------------------
0	0.000000e+00	9.511224e-12	1.511788e+00	1.511788e+00	
1	3.000000e-06	9.511224e-12	1.511788e+00	1.511788e+00	
2	6.000000e-06	9.511223e-12	1.511788e+00	1.511788e+00	
3	1.200000e-05	9.511226e-12	1.511788e+00	1.511788e+00	
4	2.400000e-05	9.511227e-12	1.511788e+00	1.511788e+00	
5	4.800000e-05	9.511223e-12	1.511788e+00	1.511788e+00	
6	9.600000e-05	9.511226e-12	1.511788e+00	1.511788e+00	
7	1.920000e-04	9.511226e-12	1.511788e+00	1.511788e+00	
8	3.840000e-04	9.511226e-12	1.511788e+00	1.511788e+00	
9	7.680000e-04	9.511225e-12	1.511788e+00	1.511788e+00	
10	1.368000e-03	9.511230e-12	1.511789e+00	1.511789e+00	
11	1.968000e-03	9.511232e-12	1.511789e+00	1.511789e+00	
12	2.568000e-03	9.511233e-12	1.511789e+00	1.511789e+00	
13	3.168000e-03	9.511234e-12	1.511790e+00	1.511790e+00	
14	3.768000e-03	9.511235e-12	1.511790e+00	1.511790e+00	
15	4.368000e-03	9.511237e-12	1.511790e+00	1.511790e+00	
16	4.968000e-03	9.511237e-12	1.511790e+00	1.511790e+00	
17	5.568000e-03	9.511238e-12	1.511790e+00	1.511790e+00	
18	6.168000e-03	9.511240e-12	1.511791e+00	1.511791e+00	
19	6.768000e-03	9.511241e-12	1.511791e+00	1.511791e+00	
20	7.368000e-03	9.511240e-12	1.511791e+00	1.511791e+00	
21	7.968000e-03	9.511238e-12	1.511790e+00	1.511790e+00	
22	8.568000e-03	9.511237e-12	1.511790e+00	1.511790e+00	
23	9.168000e-03	9.511239e-12	1.511790e+00	1.511790e+00	
24	9.768000e-03	9.511239e-12	1.511790e+00	1.511790e+00	
25	1.036800e-02	9.511242e-12	1.511791e+00	1.511791e+00	
26	1.096800e-02	9.511242e-12	1.511791e+00	1.511791e+00	
27	1.156800e-02	9.511241e-12	1.511791e+00	1.511791e+00	
28	1.216800e-02	9.511243e-12	1.511791e+00	1.511791e+00	
29	1.276800e-02	9.511243e-12	1.511791e+00	1.511791e+00	
30	1.336800e-02	9.511241e-12	1.511791e+00	1.511791e+00	
31	1.396800e-02	9.511241e-12	1.511791e+00	1.511791e+00	
32	1.456800e-02	9.511242e-12	1.511791e+00	1.511791e+00	
33	1.516800e-02	9.511239e-12	1.511791e+00	1.511791e+00	
34	1.576800e-02	9.511241e-12	1.511791e+00	1.511791e+00	
35	1.636800e-02	9.511239e-12	1.511791e+00	1.511791e+00	
36	1.696800e-02	9.511239e-12	1.511790e+00	1.511790e+00	
37	1.756800e-02	9.511241e-12	1.511791e+00	1.511791e+00	
38	1.816800e-02	9.511243e-12	1.511791e+00	1.511791e+00	
39	1.876800e-02	9.511241e-12	1.511791e+00	1.511791e+00	
40	1.936800e-02	9.511240e-12	1.511791e+00	1.511791e+00	
41	1.996800e-02	9.511239e-12	1.511790e+00	1.511790e+00	
42	2.056800e-02	9.511239e-12	1.511790e+00	1.511790e+00	
43	2.116800e-02	9.511240e-12	1.511791e+00	1.511791e+00	
44	2.176800e-02	9.511238e-12	1.511790e+00	1.511790e+00	
45	2.236800e-02	9.511238e-12	1.511790e+00	1.511790e+00	
46	2.296800e-02	9.511240e-12	1.511791e+00	1.511791e+00	
47	2.356800e-02	9.511239e-12	1.511791e+00	1.511791e+00	
48	2.416800e-02	9.511238e-12	1.511790e+00	1.511790e+00	
49	2.476800e-02	9.511239e-12	1.511790e+00	1.511790e+00	
50	2.536800e-02	9.511241e-12	1.511791e+00	1.511791e+00	
51	2.596800e-02	9.511245e-12	1.511791e+00	1.511791e+00	
52	2.656800e-02	9.511243e-12	1.511791e+00	1.511791e+00	
53	2.716800e-02	9.511240e-12	1.511791e+00	1.511791e+00	
54	2.776800e-02	9.511243e-12	1.511791e+00	1.511791e+00	

Index   time            m.xsc2.msky130_ m.xsc3.msky130_ m.xsc3.msky130_ 
--------------------------------------------------------------------------------
55	2.836800e-02	9.511242e-12	1.511791e+00	1.511791e+00	
56	2.896800e-02	9.511243e-12	1.511791e+00	1.511791e+00	
57	2.956800e-02	9.511242e-12	1.511791e+00	1.511791e+00	
58	3.000000e-02	9.511241e-12	1.511791e+00	1.511791e+00	

                     * c:\users\hp\esim-workspace\cm\cm.cir
                     Transient Analysis  Fri Nov 08 22:46:08  2024
--------------------------------------------------------------------------------
Index   time            m.xsc3.msky130_ net-_i1-pad1_   net-_i1-pad2_   
--------------------------------------------------------------------------------
0	0.000000e+00	1.511788e+00	-7.65505e-01	1.800000e+00	
1	3.000000e-06	1.511788e+00	-7.65505e-01	1.800000e+00	
2	6.000000e-06	1.511788e+00	-7.65505e-01	1.800000e+00	
3	1.200000e-05	1.511788e+00	-7.65505e-01	1.800000e+00	
4	2.400000e-05	1.511788e+00	-7.65505e-01	1.800000e+00	
5	4.800000e-05	1.511788e+00	-7.65505e-01	1.800000e+00	
6	9.600000e-05	1.511788e+00	-7.65505e-01	1.800000e+00	
7	1.920000e-04	1.511788e+00	-7.65505e-01	1.800000e+00	
8	3.840000e-04	1.511788e+00	-7.65505e-01	1.800000e+00	
9	7.680000e-04	1.511788e+00	-7.65505e-01	1.800000e+00	
10	1.368000e-03	1.511789e+00	-7.65505e-01	1.800000e+00	
11	1.968000e-03	1.511789e+00	-7.65505e-01	1.800000e+00	
12	2.568000e-03	1.511789e+00	-7.65505e-01	1.800000e+00	
13	3.168000e-03	1.511790e+00	-7.65505e-01	1.800000e+00	
14	3.768000e-03	1.511790e+00	-7.65505e-01	1.800000e+00	
15	4.368000e-03	1.511790e+00	-7.65505e-01	1.800000e+00	
16	4.968000e-03	1.511790e+00	-7.65505e-01	1.800000e+00	
17	5.568000e-03	1.511790e+00	-7.65505e-01	1.800000e+00	
18	6.168000e-03	1.511791e+00	-7.65505e-01	1.800000e+00	
19	6.768000e-03	1.511791e+00	-7.65505e-01	1.800000e+00	
20	7.368000e-03	1.511791e+00	-7.65505e-01	1.800000e+00	
21	7.968000e-03	1.511790e+00	-7.65505e-01	1.800000e+00	
22	8.568000e-03	1.511790e+00	-7.65505e-01	1.800000e+00	
23	9.168000e-03	1.511790e+00	-7.65505e-01	1.800000e+00	
24	9.768000e-03	1.511790e+00	-7.65505e-01	1.800000e+00	
25	1.036800e-02	1.511791e+00	-7.65505e-01	1.800000e+00	
26	1.096800e-02	1.511791e+00	-7.65505e-01	1.800000e+00	
27	1.156800e-02	1.511791e+00	-7.65505e-01	1.800000e+00	
28	1.216800e-02	1.511791e+00	-7.65505e-01	1.800000e+00	
29	1.276800e-02	1.511791e+00	-7.65505e-01	1.800000e+00	
30	1.336800e-02	1.511791e+00	-7.65505e-01	1.800000e+00	
31	1.396800e-02	1.511791e+00	-7.65505e-01	1.800000e+00	
32	1.456800e-02	1.511791e+00	-7.65505e-01	1.800000e+00	
33	1.516800e-02	1.511791e+00	-7.65505e-01	1.800000e+00	
34	1.576800e-02	1.511791e+00	-7.65505e-01	1.800000e+00	
35	1.636800e-02	1.511791e+00	-7.65505e-01	1.800000e+00	
36	1.696800e-02	1.511790e+00	-7.65505e-01	1.800000e+00	
37	1.756800e-02	1.511791e+00	-7.65505e-01	1.800000e+00	
38	1.816800e-02	1.511791e+00	-7.65505e-01	1.800000e+00	
39	1.876800e-02	1.511791e+00	-7.65505e-01	1.800000e+00	
40	1.936800e-02	1.511791e+00	-7.65505e-01	1.800000e+00	
41	1.996800e-02	1.511790e+00	-7.65505e-01	1.800000e+00	
42	2.056800e-02	1.511790e+00	-7.65505e-01	1.800000e+00	
43	2.116800e-02	1.511791e+00	-7.65505e-01	1.800000e+00	
44	2.176800e-02	1.511790e+00	-7.65505e-01	1.800000e+00	
45	2.236800e-02	1.511790e+00	-7.65505e-01	1.800000e+00	
46	2.296800e-02	1.511791e+00	-7.65505e-01	1.800000e+00	
47	2.356800e-02	1.511791e+00	-7.65505e-01	1.800000e+00	
48	2.416800e-02	1.511790e+00	-7.65505e-01	1.800000e+00	
49	2.476800e-02	1.511790e+00	-7.65505e-01	1.800000e+00	
50	2.536800e-02	1.511791e+00	-7.65505e-01	1.800000e+00	
51	2.596800e-02	1.511791e+00	-7.65505e-01	1.800000e+00	
52	2.656800e-02	1.511791e+00	-7.65505e-01	1.800000e+00	
53	2.716800e-02	1.511791e+00	-7.65505e-01	1.800000e+00	
54	2.776800e-02	1.511791e+00	-7.65505e-01	1.800000e+00	

Index   time            m.xsc3.msky130_ net-_i1-pad1_   net-_i1-pad2_   
--------------------------------------------------------------------------------
55	2.836800e-02	1.511791e+00	-7.65505e-01	1.800000e+00	
56	2.896800e-02	1.511791e+00	-7.65505e-01	1.800000e+00	
57	2.956800e-02	1.511791e+00	-7.65505e-01	1.800000e+00	
58	3.000000e-02	1.511791e+00	-7.65505e-01	1.800000e+00	

                     * c:\users\hp\esim-workspace\cm\cm.cir
                     Transient Analysis  Fri Nov 08 22:46:08  2024
--------------------------------------------------------------------------------
Index   time            net-_sc1-pad1_  net-_sc1-pad2_  net-_sc2-pad1_  
--------------------------------------------------------------------------------
0	0.000000e+00	-7.65505e-01	1.279384e-02	1.511788e+00	
1	3.000000e-06	-7.65505e-01	1.279384e-02	1.511788e+00	
2	6.000000e-06	-7.65505e-01	1.279384e-02	1.511788e+00	
3	1.200000e-05	-7.65505e-01	1.279384e-02	1.511788e+00	
4	2.400000e-05	-7.65505e-01	1.279384e-02	1.511788e+00	
5	4.800000e-05	-7.65505e-01	1.279384e-02	1.511788e+00	
6	9.600000e-05	-7.65505e-01	1.279384e-02	1.511788e+00	
7	1.920000e-04	-7.65505e-01	1.279384e-02	1.511788e+00	
8	3.840000e-04	-7.65505e-01	1.279384e-02	1.511788e+00	
9	7.680000e-04	-7.65505e-01	1.279384e-02	1.511788e+00	
10	1.368000e-03	-7.65505e-01	1.279384e-02	1.511789e+00	
11	1.968000e-03	-7.65505e-01	1.279384e-02	1.511789e+00	
12	2.568000e-03	-7.65505e-01	1.279384e-02	1.511789e+00	
13	3.168000e-03	-7.65505e-01	1.279384e-02	1.511790e+00	
14	3.768000e-03	-7.65505e-01	1.279384e-02	1.511790e+00	
15	4.368000e-03	-7.65505e-01	1.279384e-02	1.511790e+00	
16	4.968000e-03	-7.65505e-01	1.279384e-02	1.511790e+00	
17	5.568000e-03	-7.65505e-01	1.279384e-02	1.511790e+00	
18	6.168000e-03	-7.65505e-01	1.279384e-02	1.511791e+00	
19	6.768000e-03	-7.65505e-01	1.279384e-02	1.511791e+00	
20	7.368000e-03	-7.65505e-01	1.279384e-02	1.511791e+00	
21	7.968000e-03	-7.65505e-01	1.279384e-02	1.511790e+00	
22	8.568000e-03	-7.65505e-01	1.279384e-02	1.511790e+00	
23	9.168000e-03	-7.65505e-01	1.279384e-02	1.511790e+00	
24	9.768000e-03	-7.65505e-01	1.279384e-02	1.511790e+00	
25	1.036800e-02	-7.65505e-01	1.279384e-02	1.511791e+00	
26	1.096800e-02	-7.65505e-01	1.279384e-02	1.511791e+00	
27	1.156800e-02	-7.65505e-01	1.279384e-02	1.511791e+00	
28	1.216800e-02	-7.65505e-01	1.279384e-02	1.511791e+00	
29	1.276800e-02	-7.65505e-01	1.279384e-02	1.511791e+00	
30	1.336800e-02	-7.65505e-01	1.279384e-02	1.511791e+00	
31	1.396800e-02	-7.65505e-01	1.279384e-02	1.511791e+00	
32	1.456800e-02	-7.65505e-01	1.279384e-02	1.511791e+00	
33	1.516800e-02	-7.65505e-01	1.279384e-02	1.511791e+00	
34	1.576800e-02	-7.65505e-01	1.279384e-02	1.511791e+00	
35	1.636800e-02	-7.65505e-01	1.279384e-02	1.511791e+00	
36	1.696800e-02	-7.65505e-01	1.279384e-02	1.511790e+00	
37	1.756800e-02	-7.65505e-01	1.279384e-02	1.511791e+00	
38	1.816800e-02	-7.65505e-01	1.279384e-02	1.511791e+00	
39	1.876800e-02	-7.65505e-01	1.279384e-02	1.511791e+00	
40	1.936800e-02	-7.65505e-01	1.279383e-02	1.511791e+00	
41	1.996800e-02	-7.65505e-01	1.279384e-02	1.511790e+00	
42	2.056800e-02	-7.65505e-01	1.279384e-02	1.511790e+00	
43	2.116800e-02	-7.65505e-01	1.279384e-02	1.511791e+00	
44	2.176800e-02	-7.65505e-01	1.279384e-02	1.511790e+00	
45	2.236800e-02	-7.65505e-01	1.279384e-02	1.511790e+00	
46	2.296800e-02	-7.65505e-01	1.279384e-02	1.511791e+00	
47	2.356800e-02	-7.65505e-01	1.279384e-02	1.511791e+00	
48	2.416800e-02	-7.65505e-01	1.279384e-02	1.511790e+00	
49	2.476800e-02	-7.65505e-01	1.279384e-02	1.511790e+00	
50	2.536800e-02	-7.65505e-01	1.279384e-02	1.511791e+00	
51	2.596800e-02	-7.65505e-01	1.279384e-02	1.511791e+00	
52	2.656800e-02	-7.65505e-01	1.279384e-02	1.511791e+00	
53	2.716800e-02	-7.65505e-01	1.279383e-02	1.511791e+00	
54	2.776800e-02	-7.65505e-01	1.279384e-02	1.511791e+00	

Index   time            net-_sc1-pad1_  net-_sc1-pad2_  net-_sc2-pad1_  
--------------------------------------------------------------------------------
55	2.836800e-02	-7.65505e-01	1.279384e-02	1.511791e+00	
56	2.896800e-02	-7.65505e-01	1.279384e-02	1.511791e+00	
57	2.956800e-02	-7.65505e-01	1.279384e-02	1.511791e+00	
58	3.000000e-02	-7.65505e-01	1.279384e-02	1.511791e+00	

                     * c:\users\hp\esim-workspace\cm\cm.cir
                     Transient Analysis  Fri Nov 08 22:46:08  2024
--------------------------------------------------------------------------------
Index   time            net-_sc3-pad1_  net-_sc3-pad2_  net-_u2-pad1_   
--------------------------------------------------------------------------------
0	0.000000e+00	1.800000e+00	1.646274e+00	1.800000e+00	
1	3.000000e-06	1.800000e+00	1.646274e+00	1.800000e+00	
2	6.000000e-06	1.800000e+00	1.646274e+00	1.800000e+00	
3	1.200000e-05	1.800000e+00	1.646274e+00	1.800000e+00	
4	2.400000e-05	1.800000e+00	1.646274e+00	1.800000e+00	
5	4.800000e-05	1.800000e+00	1.646274e+00	1.800000e+00	
6	9.600000e-05	1.800000e+00	1.646274e+00	1.800000e+00	
7	1.920000e-04	1.800000e+00	1.646274e+00	1.800000e+00	
8	3.840000e-04	1.800000e+00	1.646274e+00	1.800000e+00	
9	7.680000e-04	1.800000e+00	1.646275e+00	1.800000e+00	
10	1.368000e-03	1.800000e+00	1.646275e+00	1.800000e+00	
11	1.968000e-03	1.800000e+00	1.646275e+00	1.800000e+00	
12	2.568000e-03	1.800000e+00	1.646276e+00	1.800000e+00	
13	3.168000e-03	1.800000e+00	1.646276e+00	1.800000e+00	
14	3.768000e-03	1.800000e+00	1.646276e+00	1.800000e+00	
15	4.368000e-03	1.800000e+00	1.646276e+00	1.800000e+00	
16	4.968000e-03	1.800000e+00	1.646276e+00	1.800000e+00	
17	5.568000e-03	1.800000e+00	1.646277e+00	1.800000e+00	
18	6.168000e-03	1.800000e+00	1.646277e+00	1.800000e+00	
19	6.768000e-03	1.800000e+00	1.646277e+00	1.800000e+00	
20	7.368000e-03	1.800000e+00	1.646277e+00	1.800000e+00	
21	7.968000e-03	1.800000e+00	1.646277e+00	1.800000e+00	
22	8.568000e-03	1.800000e+00	1.646277e+00	1.800000e+00	
23	9.168000e-03	1.800000e+00	1.646277e+00	1.800000e+00	
24	9.768000e-03	1.800000e+00	1.646277e+00	1.800000e+00	
25	1.036800e-02	1.800000e+00	1.646277e+00	1.800000e+00	
26	1.096800e-02	1.800000e+00	1.646277e+00	1.800000e+00	
27	1.156800e-02	1.800000e+00	1.646277e+00	1.800000e+00	
28	1.216800e-02	1.800000e+00	1.646277e+00	1.800000e+00	
29	1.276800e-02	1.800000e+00	1.646277e+00	1.800000e+00	
30	1.336800e-02	1.800000e+00	1.646277e+00	1.800000e+00	
31	1.396800e-02	1.800000e+00	1.646277e+00	1.800000e+00	
32	1.456800e-02	1.800000e+00	1.646277e+00	1.800000e+00	
33	1.516800e-02	1.800000e+00	1.646277e+00	1.800000e+00	
34	1.576800e-02	1.800000e+00	1.646277e+00	1.800000e+00	
35	1.636800e-02	1.800000e+00	1.646277e+00	1.800000e+00	
36	1.696800e-02	1.800000e+00	1.646277e+00	1.800000e+00	
37	1.756800e-02	1.800000e+00	1.646277e+00	1.800000e+00	
38	1.816800e-02	1.800000e+00	1.646277e+00	1.800000e+00	
39	1.876800e-02	1.800000e+00	1.646277e+00	1.800000e+00	
40	1.936800e-02	1.800000e+00	1.646277e+00	1.800000e+00	
41	1.996800e-02	1.800000e+00	1.646276e+00	1.800000e+00	
42	2.056800e-02	1.800000e+00	1.646276e+00	1.800000e+00	
43	2.116800e-02	1.800000e+00	1.646276e+00	1.800000e+00	
44	2.176800e-02	1.800000e+00	1.646276e+00	1.800000e+00	
45	2.236800e-02	1.800000e+00	1.646277e+00	1.800000e+00	
46	2.296800e-02	1.800000e+00	1.646277e+00	1.800000e+00	
47	2.356800e-02	1.800000e+00	1.646277e+00	1.800000e+00	
48	2.416800e-02	1.800000e+00	1.646277e+00	1.800000e+00	
49	2.476800e-02	1.800000e+00	1.646277e+00	1.800000e+00	
50	2.536800e-02	1.800000e+00	1.646277e+00	1.800000e+00	
51	2.596800e-02	1.800000e+00	1.646277e+00	1.800000e+00	
52	2.656800e-02	1.800000e+00	1.646277e+00	1.800000e+00	
53	2.716800e-02	1.800000e+00	1.646277e+00	1.800000e+00	
54	2.776800e-02	1.800000e+00	1.646277e+00	1.800000e+00	

Index   time            net-_sc3-pad1_  net-_sc3-pad2_  net-_u2-pad1_   
--------------------------------------------------------------------------------
55	2.836800e-02	1.800000e+00	1.646277e+00	1.800000e+00	
56	2.896800e-02	1.800000e+00	1.646277e+00	1.800000e+00	
57	2.956800e-02	1.800000e+00	1.646277e+00	1.800000e+00	
58	3.000000e-02	1.800000e+00	1.646277e+00	1.800000e+00	

                     * c:\users\hp\esim-workspace\cm\cm.cir
                     Transient Analysis  Fri Nov 08 22:46:08  2024
--------------------------------------------------------------------------------
Index   time            net-_x1-pad3_   sky130_fd_pr__e x1.net-_m1-pad1 
--------------------------------------------------------------------------------
0	0.000000e+00	1.800000e+00	0.000000e+00	1.341354e+00	
1	3.000000e-06	1.800000e+00	0.000000e+00	1.341354e+00	
2	6.000000e-06	1.800000e+00	0.000000e+00	1.341354e+00	
3	1.200000e-05	1.800000e+00	0.000000e+00	1.341354e+00	
4	2.400000e-05	1.800000e+00	0.000000e+00	1.341354e+00	
5	4.800000e-05	1.800000e+00	0.000000e+00	1.341354e+00	
6	9.600000e-05	1.800000e+00	0.000000e+00	1.341354e+00	
7	1.920000e-04	1.800000e+00	0.000000e+00	1.341354e+00	
8	3.840000e-04	1.800000e+00	0.000000e+00	1.341354e+00	
9	7.680000e-04	1.800000e+00	0.000000e+00	1.341354e+00	
10	1.368000e-03	1.800000e+00	0.000000e+00	1.341354e+00	
11	1.968000e-03	1.800000e+00	0.000000e+00	1.341354e+00	
12	2.568000e-03	1.800000e+00	0.000000e+00	1.341354e+00	
13	3.168000e-03	1.800000e+00	0.000000e+00	1.341354e+00	
14	3.768000e-03	1.800000e+00	0.000000e+00	1.341354e+00	
15	4.368000e-03	1.800000e+00	0.000000e+00	1.341354e+00	
16	4.968000e-03	1.800000e+00	0.000000e+00	1.341354e+00	
17	5.568000e-03	1.800000e+00	0.000000e+00	1.341353e+00	
18	6.168000e-03	1.800000e+00	0.000000e+00	1.341354e+00	
19	6.768000e-03	1.800000e+00	0.000000e+00	1.341354e+00	
20	7.368000e-03	1.800000e+00	0.000000e+00	1.341354e+00	
21	7.968000e-03	1.800000e+00	0.000000e+00	1.341354e+00	
22	8.568000e-03	1.800000e+00	0.000000e+00	1.341353e+00	
23	9.168000e-03	1.800000e+00	0.000000e+00	1.341354e+00	
24	9.768000e-03	1.800000e+00	0.000000e+00	1.341354e+00	
25	1.036800e-02	1.800000e+00	0.000000e+00	1.341354e+00	
26	1.096800e-02	1.800000e+00	0.000000e+00	1.341354e+00	
27	1.156800e-02	1.800000e+00	0.000000e+00	1.341354e+00	
28	1.216800e-02	1.800000e+00	0.000000e+00	1.341354e+00	
29	1.276800e-02	1.800000e+00	0.000000e+00	1.341354e+00	
30	1.336800e-02	1.800000e+00	0.000000e+00	1.341354e+00	
31	1.396800e-02	1.800000e+00	0.000000e+00	1.341354e+00	
32	1.456800e-02	1.800000e+00	0.000000e+00	1.341354e+00	
33	1.516800e-02	1.800000e+00	0.000000e+00	1.341354e+00	
34	1.576800e-02	1.800000e+00	0.000000e+00	1.341354e+00	
35	1.636800e-02	1.800000e+00	0.000000e+00	1.341354e+00	
36	1.696800e-02	1.800000e+00	0.000000e+00	1.341354e+00	
37	1.756800e-02	1.800000e+00	0.000000e+00	1.341354e+00	
38	1.816800e-02	1.800000e+00	0.000000e+00	1.341354e+00	
39	1.876800e-02	1.800000e+00	0.000000e+00	1.341354e+00	
40	1.936800e-02	1.800000e+00	0.000000e+00	1.341354e+00	
41	1.996800e-02	1.800000e+00	0.000000e+00	1.341354e+00	
42	2.056800e-02	1.800000e+00	0.000000e+00	1.341354e+00	
43	2.116800e-02	1.800000e+00	0.000000e+00	1.341354e+00	
44	2.176800e-02	1.800000e+00	0.000000e+00	1.341354e+00	
45	2.236800e-02	1.800000e+00	0.000000e+00	1.341353e+00	
46	2.296800e-02	1.800000e+00	0.000000e+00	1.341354e+00	
47	2.356800e-02	1.800000e+00	0.000000e+00	1.341354e+00	
48	2.416800e-02	1.800000e+00	0.000000e+00	1.341354e+00	
49	2.476800e-02	1.800000e+00	0.000000e+00	1.341354e+00	
50	2.536800e-02	1.800000e+00	0.000000e+00	1.341354e+00	
51	2.596800e-02	1.800000e+00	0.000000e+00	1.341354e+00	
52	2.656800e-02	1.800000e+00	0.000000e+00	1.341354e+00	
53	2.716800e-02	1.800000e+00	0.000000e+00	1.341354e+00	
54	2.776800e-02	1.800000e+00	0.000000e+00	1.341354e+00	

Index   time            net-_x1-pad3_   sky130_fd_pr__e x1.net-_m1-pad1 
--------------------------------------------------------------------------------
55	2.836800e-02	1.800000e+00	0.000000e+00	1.341354e+00	
56	2.896800e-02	1.800000e+00	0.000000e+00	1.341354e+00	
57	2.956800e-02	1.800000e+00	0.000000e+00	1.341354e+00	
58	3.000000e-02	1.800000e+00	0.000000e+00	1.341354e+00	

                     * c:\users\hp\esim-workspace\cm\cm.cir
                     Transient Analysis  Fri Nov 08 22:46:08  2024
--------------------------------------------------------------------------------
Index   time            x1.net-_m1-pad3 x1.out1         x1.ref          
--------------------------------------------------------------------------------
0	0.000000e+00	1.341350e+00	1.794499e+00	6.553383e-20	
1	3.000000e-06	1.341350e+00	1.794499e+00	-2.58991e-11	
2	6.000000e-06	1.341350e+00	1.794499e+00	-3.69772e-11	
3	1.200000e-05	1.341350e+00	1.794499e+00	-7.09629e-11	
4	2.400000e-05	1.341350e+00	1.794499e+00	-1.48529e-10	
5	4.800000e-05	1.341350e+00	1.794499e+00	-3.06504e-10	
6	9.600000e-05	1.341350e+00	1.794499e+00	-6.68209e-10	
7	1.920000e-04	1.341350e+00	1.794499e+00	-5.24046e-10	
8	3.840000e-04	1.341350e+00	1.794499e+00	-2.14439e-10	
9	7.680000e-04	1.341350e+00	1.794499e+00	-2.61306e-09	
10	1.368000e-03	1.341349e+00	1.794499e+00	-3.56532e-09	
11	1.968000e-03	1.341350e+00	1.794499e+00	-2.61666e-09	
12	2.568000e-03	1.341350e+00	1.794499e+00	-1.20616e-09	
13	3.168000e-03	1.341350e+00	1.794499e+00	-1.20132e-09	
14	3.768000e-03	1.341349e+00	1.794499e+00	-2.88753e-09	
15	4.368000e-03	1.341350e+00	1.794499e+00	-1.68979e-09	
16	4.968000e-03	1.341350e+00	1.794499e+00	-2.14803e-09	
17	5.568000e-03	1.341349e+00	1.794499e+00	-4.04248e-09	
18	6.168000e-03	1.341349e+00	1.794499e+00	-2.65292e-09	
19	6.768000e-03	1.341350e+00	1.794499e+00	-1.97073e-10	
20	7.368000e-03	1.341350e+00	1.794499e+00	-3.38632e-10	
21	7.968000e-03	1.341349e+00	1.794499e+00	-3.00510e-09	
22	8.568000e-03	1.341349e+00	1.794499e+00	-3.03183e-09	
23	9.168000e-03	1.341349e+00	1.794499e+00	-1.95070e-09	
24	9.768000e-03	1.341349e+00	1.794499e+00	-1.57670e-09	
25	1.036800e-02	1.341350e+00	1.794499e+00	-8.60855e-10	
26	1.096800e-02	1.341350e+00	1.794499e+00	-9.68409e-10	
27	1.156800e-02	1.341350e+00	1.794499e+00	-8.25185e-10	
28	1.216800e-02	1.341350e+00	1.794499e+00	8.821377e-10	
29	1.276800e-02	1.341350e+00	1.794499e+00	1.006674e-09	
30	1.336800e-02	1.341350e+00	1.794499e+00	2.736598e-10	
31	1.396800e-02	1.341350e+00	1.794499e+00	9.368662e-10	
32	1.456800e-02	1.341350e+00	1.794499e+00	-1.03417e-09	
33	1.516800e-02	1.341349e+00	1.794499e+00	-2.12269e-09	
34	1.576800e-02	1.341349e+00	1.794499e+00	-1.33015e-09	
35	1.636800e-02	1.341349e+00	1.794499e+00	-1.25467e-09	
36	1.696800e-02	1.341350e+00	1.794499e+00	3.936755e-10	
37	1.756800e-02	1.341350e+00	1.794499e+00	-8.13812e-11	
38	1.816800e-02	1.341350e+00	1.794499e+00	1.719444e-10	
39	1.876800e-02	1.341350e+00	1.794499e+00	1.581409e-09	
40	1.936800e-02	1.341350e+00	1.794499e+00	5.056346e-10	
41	1.996800e-02	1.341350e+00	1.794499e+00	-2.83072e-11	
42	2.056800e-02	1.341350e+00	1.794499e+00	-3.77205e-10	
43	2.116800e-02	1.341350e+00	1.794499e+00	1.854985e-10	
44	2.176800e-02	1.341350e+00	1.794499e+00	-9.61867e-10	
45	2.236800e-02	1.341349e+00	1.794499e+00	-2.60875e-09	
46	2.296800e-02	1.341349e+00	1.794499e+00	-1.69096e-09	
47	2.356800e-02	1.341350e+00	1.794499e+00	4.585476e-10	
48	2.416800e-02	1.341350e+00	1.794499e+00	1.376739e-09	
49	2.476800e-02	1.341350e+00	1.794499e+00	3.964711e-10	
50	2.536800e-02	1.341350e+00	1.794499e+00	1.027063e-09	
51	2.596800e-02	1.341350e+00	1.794499e+00	2.032626e-09	
52	2.656800e-02	1.341350e+00	1.794499e+00	9.008990e-10	
53	2.716800e-02	1.341350e+00	1.794499e+00	8.325364e-10	
54	2.776800e-02	1.341350e+00	1.794499e+00	1.250654e-09	

Index   time            x1.net-_m1-pad3 x1.out1         x1.ref          
--------------------------------------------------------------------------------
55	2.836800e-02	1.341350e+00	1.794499e+00	-6.45516e-10	
56	2.896800e-02	1.341350e+00	1.794499e+00	-1.34757e-09	
57	2.956800e-02	1.341349e+00	1.794499e+00	-1.72520e-09	
58	3.000000e-02	1.341349e+00	1.794499e+00	-1.60856e-09	

                     * c:\users\hp\esim-workspace\cm\cm.cir
                     Transient Analysis  Fri Nov 08 22:46:08  2024
--------------------------------------------------------------------------------
Index   time            x2.net-_m1-pad1 x2.net-_m1-pad3 x2.out1         
--------------------------------------------------------------------------------
0	0.000000e+00	1.363578e+00	1.353940e+00	1.353944e+00	
1	3.000000e-06	1.363578e+00	1.353940e+00	1.353944e+00	
2	6.000000e-06	1.363578e+00	1.353940e+00	1.353944e+00	
3	1.200000e-05	1.363578e+00	1.353940e+00	1.353944e+00	
4	2.400000e-05	1.363578e+00	1.353940e+00	1.353944e+00	
5	4.800000e-05	1.363578e+00	1.353940e+00	1.353943e+00	
6	9.600000e-05	1.363578e+00	1.353940e+00	1.353943e+00	
7	1.920000e-04	1.363578e+00	1.353940e+00	1.353943e+00	
8	3.840000e-04	1.363578e+00	1.353940e+00	1.353943e+00	
9	7.680000e-04	1.363578e+00	1.353940e+00	1.353943e+00	
10	1.368000e-03	1.363578e+00	1.353940e+00	1.353943e+00	
11	1.968000e-03	1.363578e+00	1.353940e+00	1.353943e+00	
12	2.568000e-03	1.363578e+00	1.353940e+00	1.353943e+00	
13	3.168000e-03	1.363578e+00	1.353940e+00	1.353943e+00	
14	3.768000e-03	1.363578e+00	1.353940e+00	1.353943e+00	
15	4.368000e-03	1.363578e+00	1.353940e+00	1.353943e+00	
16	4.968000e-03	1.363578e+00	1.353940e+00	1.353943e+00	
17	5.568000e-03	1.363578e+00	1.353940e+00	1.353943e+00	
18	6.168000e-03	1.363578e+00	1.353940e+00	1.353943e+00	
19	6.768000e-03	1.363578e+00	1.353940e+00	1.353943e+00	
20	7.368000e-03	1.363578e+00	1.353940e+00	1.353943e+00	
21	7.968000e-03	1.363578e+00	1.353940e+00	1.353943e+00	
22	8.568000e-03	1.363578e+00	1.353940e+00	1.353943e+00	
23	9.168000e-03	1.363578e+00	1.353940e+00	1.353943e+00	
24	9.768000e-03	1.363578e+00	1.353940e+00	1.353943e+00	
25	1.036800e-02	1.363578e+00	1.353940e+00	1.353943e+00	
26	1.096800e-02	1.363578e+00	1.353940e+00	1.353943e+00	
27	1.156800e-02	1.363578e+00	1.353940e+00	1.353943e+00	
28	1.216800e-02	1.363578e+00	1.353940e+00	1.353943e+00	
29	1.276800e-02	1.363578e+00	1.353940e+00	1.353943e+00	
30	1.336800e-02	1.363578e+00	1.353940e+00	1.353943e+00	
31	1.396800e-02	1.363578e+00	1.353940e+00	1.353943e+00	
32	1.456800e-02	1.363578e+00	1.353940e+00	1.353943e+00	
33	1.516800e-02	1.363578e+00	1.353940e+00	1.353943e+00	
34	1.576800e-02	1.363578e+00	1.353940e+00	1.353943e+00	
35	1.636800e-02	1.363578e+00	1.353940e+00	1.353943e+00	
36	1.696800e-02	1.363578e+00	1.353940e+00	1.353943e+00	
37	1.756800e-02	1.363578e+00	1.353940e+00	1.353943e+00	
38	1.816800e-02	1.363578e+00	1.353940e+00	1.353943e+00	
39	1.876800e-02	1.363578e+00	1.353940e+00	1.353944e+00	
40	1.936800e-02	1.363578e+00	1.353940e+00	1.353944e+00	
41	1.996800e-02	1.363578e+00	1.353940e+00	1.353944e+00	
42	2.056800e-02	1.363578e+00	1.353940e+00	1.353944e+00	
43	2.116800e-02	1.363578e+00	1.353940e+00	1.353943e+00	
44	2.176800e-02	1.363578e+00	1.353940e+00	1.353943e+00	
45	2.236800e-02	1.363578e+00	1.353940e+00	1.353943e+00	
46	2.296800e-02	1.363578e+00	1.353940e+00	1.353943e+00	
47	2.356800e-02	1.363578e+00	1.353940e+00	1.353943e+00	
48	2.416800e-02	1.363578e+00	1.353940e+00	1.353943e+00	
49	2.476800e-02	1.363578e+00	1.353940e+00	1.353943e+00	
50	2.536800e-02	1.363578e+00	1.353940e+00	1.353943e+00	
51	2.596800e-02	1.363578e+00	1.353940e+00	1.353943e+00	
52	2.656800e-02	1.363578e+00	1.353940e+00	1.353943e+00	
53	2.716800e-02	1.363578e+00	1.353940e+00	1.353943e+00	
54	2.776800e-02	1.363578e+00	1.353940e+00	1.353943e+00	

Index   time            x2.net-_m1-pad1 x2.net-_m1-pad3 x2.out1         
--------------------------------------------------------------------------------
55	2.836800e-02	1.363578e+00	1.353940e+00	1.353943e+00	
56	2.896800e-02	1.363578e+00	1.353940e+00	1.353943e+00	
57	2.956800e-02	1.363578e+00	1.353940e+00	1.353944e+00	
58	3.000000e-02	1.363578e+00	1.353940e+00	1.353944e+00	

                     * c:\users\hp\esim-workspace\cm\cm.cir
                     Transient Analysis  Fri Nov 08 22:46:08  2024
--------------------------------------------------------------------------------
Index   time            x2.ref          
--------------------------------------------------------------------------------
0	0.000000e+00	3.873359e-19	
1	3.000000e-06	-2.52404e-12	
2	6.000000e-06	-1.89658e-11	
3	1.200000e-05	-5.04246e-13	
4	2.400000e-05	2.105575e-10	
5	4.800000e-05	5.245061e-10	
6	9.600000e-05	1.208076e-09	
7	1.920000e-04	4.151434e-09	
8	3.840000e-04	1.116287e-08	
9	7.680000e-04	2.852037e-08	
10	1.368000e-03	5.501609e-08	
11	1.968000e-03	6.812978e-08	
12	2.568000e-03	7.414140e-08	
13	3.168000e-03	8.066202e-08	
14	3.768000e-03	8.824643e-08	
15	4.368000e-03	9.647919e-08	
16	4.968000e-03	1.028208e-07	
17	5.568000e-03	1.107045e-07	
18	6.168000e-03	1.167958e-07	
19	6.768000e-03	1.112201e-07	
20	7.368000e-03	9.705936e-08	
21	7.968000e-03	8.641175e-08	
22	8.568000e-03	8.512637e-08	
23	9.168000e-03	8.665203e-08	
24	9.768000e-03	8.538853e-08	
25	1.036800e-02	8.335661e-08	
26	1.096800e-02	7.964714e-08	
27	1.156800e-02	7.572896e-08	
28	1.216800e-02	7.224462e-08	
29	1.276800e-02	6.588881e-08	
30	1.336800e-02	5.635412e-08	
31	1.396800e-02	5.078549e-08	
32	1.456800e-02	4.671543e-08	
33	1.516800e-02	3.813378e-08	
34	1.576800e-02	3.243935e-08	
35	1.636800e-02	2.801659e-08	
36	1.696800e-02	2.754493e-08	
37	1.756800e-02	3.276692e-08	
38	1.816800e-02	3.286490e-08	
39	1.876800e-02	2.359605e-08	
40	1.936800e-02	1.061857e-08	
41	1.996800e-02	1.810019e-09	
42	2.056800e-02	2.197102e-10	
43	2.116800e-02	3.088641e-09	
44	2.176800e-02	5.466832e-09	
45	2.236800e-02	7.962098e-09	
46	2.296800e-02	1.128627e-08	
47	2.356800e-02	1.162220e-08	
48	2.416800e-02	1.377907e-08	
49	2.476800e-02	2.112107e-08	
50	2.536800e-02	3.244300e-08	
51	2.596800e-02	4.207248e-08	
52	2.656800e-02	3.817586e-08	
53	2.716800e-02	3.116236e-08	
54	2.776800e-02	3.183997e-08	

Index   time            x2.ref          
--------------------------------------------------------------------------------
55	2.836800e-02	3.105210e-08	
56	2.896800e-02	2.975056e-08	
57	2.956800e-02	2.758132e-08	
58	3.000000e-02	2.264638e-08	
