                     * c:\users\hp\esim-workspace\cm\cm.cir
                     Transient Analysis  Fri Nov 08 22:46:08  2024
--------------------------------------------------------------------------------
Index   time            v1#branch       v2#branch       v3#branch       
--------------------------------------------------------------------------------
0	0.000000e+00	0.000000e+00	9.999999e-05	-1.39101e-11	
1	3.000000e-06	-6.97007e-18	9.999999e-05	-1.39102e-11	
2	6.000000e-06	-5.35710e-18	9.999999e-05	-1.39102e-11	
3	1.200000e-05	-6.53912e-18	9.999999e-05	-1.39102e-11	
4	2.400000e-05	-4.08086e-18	9.999999e-05	-1.39102e-11	
5	4.800000e-05	-6.86003e-18	9.999999e-05	-1.39103e-11	
6	9.600000e-05	-5.77121e-18	9.999999e-05	-1.39102e-11	
7	1.920000e-04	3.300335e-18	9.999999e-05	-1.39102e-11	
8	3.840000e-04	-4.81652e-18	9.999999e-05	-1.39103e-11	
9	7.680000e-04	-2.29401e-18	9.999999e-05	-1.39103e-11	
10	1.368000e-03	1.427472e-18	9.999999e-05	-1.39103e-11	
11	1.968000e-03	-3.24218e-20	9.999999e-05	-1.39103e-11	
12	2.568000e-03	1.710169e-18	9.999999e-05	-1.39103e-11	
13	3.168000e-03	-2.02200e-18	9.999999e-05	-1.39102e-11	
14	3.768000e-03	-1.13294e-18	9.999999e-05	-1.39103e-11	
15	4.368000e-03	2.522391e-18	9.999999e-05	-1.39103e-11	
16	4.968000e-03	-3.62228e-18	9.999999e-05	-1.39103e-11	
17	5.568000e-03	3.858780e-20	9.999999e-05	-1.39103e-11	
18	6.168000e-03	2.383180e-18	9.999999e-05	-1.39103e-11	
19	6.768000e-03	2.473538e-18	9.999999e-05	-1.39102e-11	
20	7.368000e-03	-1.98898e-18	9.999999e-05	-1.39102e-11	
21	7.968000e-03	-2.66819e-18	9.999999e-05	-1.39104e-11	
22	8.568000e-03	1.555980e-18	9.999999e-05	-1.39103e-11	
23	9.168000e-03	-1.03479e-19	9.999999e-05	-1.39103e-11	
24	9.768000e-03	5.615802e-19	9.999999e-05	-1.39103e-11	
25	1.036800e-02	6.819866e-19	9.999999e-05	-1.39103e-11	
26	1.096800e-02	-8.99102e-19	9.999999e-05	-1.39103e-11	
27	1.156800e-02	1.158634e-18	9.999999e-05	-1.39103e-11	
28	1.216800e-02	1.451265e-18	9.999999e-05	-1.39102e-11	
29	1.276800e-02	-3.71845e-19	9.999999e-05	-1.39102e-11	
30	1.336800e-02	-4.04573e-19	9.999999e-05	-1.39102e-11	
31	1.396800e-02	9.241062e-19	9.999999e-05	-1.39102e-11	
32	1.456800e-02	-2.86567e-18	9.999999e-05	-1.39103e-11	
33	1.516800e-02	1.211853e-18	9.999999e-05	-1.39103e-11	
34	1.576800e-02	-2.66685e-19	9.999999e-05	-1.39103e-11	
35	1.636800e-02	7.610648e-20	9.999999e-05	-1.39103e-11	
36	1.696800e-02	1.304437e-18	9.999999e-05	-1.39103e-11	
37	1.756800e-02	-1.85365e-18	9.999999e-05	-1.39103e-11	
38	1.816800e-02	3.171940e-18	9.999999e-05	-1.39103e-11	
39	1.876800e-02	5.598597e-20	9.999999e-05	-1.39102e-11	
40	1.936800e-02	-1.03603e-18	9.999999e-05	-1.39103e-11	
41	1.996800e-02	-3.14638e-19	9.999999e-05	-1.39102e-11	
42	2.056800e-02	-8.75509e-19	9.999999e-05	-1.39103e-11	
43	2.116800e-02	1.326616e-18	9.999999e-05	-1.39103e-11	
44	2.176800e-02	-2.79824e-18	9.999999e-05	-1.39103e-11	
45	2.236800e-02	6.729119e-20	9.999999e-05	-1.39102e-11	
46	2.296800e-02	1.006781e-18	9.999999e-05	-1.39103e-11	
47	2.356800e-02	1.914325e-18	9.999999e-05	-1.39103e-11	
48	2.416800e-02	-9.76433e-19	9.999999e-05	-1.39103e-11	
49	2.476800e-02	-9.60437e-19	9.999999e-05	-1.39103e-11	
50	2.536800e-02	9.102767e-19	9.999999e-05	-1.39103e-11	
51	2.596800e-02	1.834124e-18	9.999999e-05	-1.39102e-11	
52	2.656800e-02	-2.01634e-18	9.999999e-05	-1.39103e-11	
53	2.716800e-02	1.274868e-18	9.999999e-05	-1.39103e-11	
54	2.776800e-02	-6.08572e-19	9.999999e-05	-1.39102e-11	

Index   time            v1#branch       v2#branch       v3#branch       
--------------------------------------------------------------------------------
55	2.836800e-02	-1.91559e-18	9.999999e-05	-1.39103e-11	
56	2.896800e-02	6.005838e-19	9.999999e-05	-1.39102e-11	
57	2.956800e-02	-4.51922e-19	9.999999e-05	-1.39102e-11	
58	3.000000e-02	5.765381e-19	9.999999e-05	-1.39102e-11	

                     * c:\users\hp\esim-workspace\cm\cm.cir
                     Transient Analysis  Fri Nov 08 22:46:08  2024
--------------------------------------------------------------------------------
Index   time            v_u1#branch     v_u2#branch     
--------------------------------------------------------------------------------
0	0.000000e+00	-1.00000e-04	1.567978e-12	
1	3.000000e-06	-1.00000e-04	1.567978e-12	
2	6.000000e-06	-1.00000e-04	1.567979e-12	
3	1.200000e-05	-1.00000e-04	1.567978e-12	
4	2.400000e-05	-1.00000e-04	1.567977e-12	
5	4.800000e-05	-1.00000e-04	1.567977e-12	
6	9.600000e-05	-1.00000e-04	1.567976e-12	
7	1.920000e-04	-1.00000e-04	1.567973e-12	
8	3.840000e-04	-1.00000e-04	1.567974e-12	
9	7.680000e-04	-1.00000e-04	1.567987e-12	
10	1.368000e-03	-1.00000e-04	1.567989e-12	
11	1.968000e-03	-1.00000e-04	1.567975e-12	
12	2.568000e-03	-1.00000e-04	1.567976e-12	
13	3.168000e-03	-1.00000e-04	1.567974e-12	
14	3.768000e-03	-1.00000e-04	1.567975e-12	
15	4.368000e-03	-1.00000e-04	1.567977e-12	
16	4.968000e-03	-1.00000e-04	1.567981e-12	
17	5.568000e-03	-1.00000e-04	1.567984e-12	
18	6.168000e-03	-1.00000e-04	1.567979e-12	
19	6.768000e-03	-1.00000e-04	1.567971e-12	
20	7.368000e-03	-1.00000e-04	1.567973e-12	
21	7.968000e-03	-1.00000e-04	1.567985e-12	
22	8.568000e-03	-1.00000e-04	1.567993e-12	
23	9.168000e-03	-1.00000e-04	1.567989e-12	
24	9.768000e-03	-1.00000e-04	1.567989e-12	
25	1.036800e-02	-1.00000e-04	1.567980e-12	
26	1.096800e-02	-1.00000e-04	1.567972e-12	
27	1.156800e-02	-1.00000e-04	1.567978e-12	
28	1.216800e-02	-1.00000e-04	1.567974e-12	
29	1.276800e-02	-1.00000e-04	1.567968e-12	
30	1.336800e-02	-1.00000e-04	1.567976e-12	
31	1.396800e-02	-1.00000e-04	1.567977e-12	
32	1.456800e-02	-1.00000e-04	1.567968e-12	
33	1.516800e-02	-1.00000e-04	1.567978e-12	
34	1.576800e-02	-1.00000e-04	1.567976e-12	
35	1.636800e-02	-1.00000e-04	1.567974e-12	
36	1.696800e-02	-1.00000e-04	1.567983e-12	
37	1.756800e-02	-1.00000e-04	1.567976e-12	
38	1.816800e-02	-1.00000e-04	1.567965e-12	
39	1.876800e-02	-1.00000e-04	1.567967e-12	
40	1.936800e-02	-1.00000e-04	1.567970e-12	
41	1.996800e-02	-1.00000e-04	1.567971e-12	
42	2.056800e-02	-1.00000e-04	1.567970e-12	
43	2.116800e-02	-1.00000e-04	1.567969e-12	
44	2.176800e-02	-1.00000e-04	1.567979e-12	
45	2.236800e-02	-1.00000e-04	1.567985e-12	
46	2.296800e-02	-1.00000e-04	1.567973e-12	
47	2.356800e-02	-1.00000e-04	1.567976e-12	
48	2.416800e-02	-1.00000e-04	1.567985e-12	
49	2.476800e-02	-1.00000e-04	1.567985e-12	
50	2.536800e-02	-1.00000e-04	1.567983e-12	
51	2.596800e-02	-1.00000e-04	1.567968e-12	
52	2.656800e-02	-1.00000e-04	1.567968e-12	
53	2.716800e-02	-1.00000e-04	1.567988e-12	
54	2.776800e-02	-1.00000e-04	1.567982e-12	

Index   time            v_u1#branch     v_u2#branch     
--------------------------------------------------------------------------------
55	2.836800e-02	-1.00000e-04	1.567974e-12	
56	2.896800e-02	-1.00000e-04	1.567979e-12	
57	2.956800e-02	-1.00000e-04	1.567980e-12	
58	3.000000e-02	-1.00000e-04	1.567984e-12	
